904. Najlepsza waga dla 1512285241, XUMBT dla paczek:
149 101 162 108 
to: (180) 
A najlepsza droga dla 1512285241, XUMBT to: 
2 23 44 45 46 47 48 49 50 71 92 93 94 95 116 117 118 119 98 99 100 101 100 121 142 141 162 161 160 139 138 117 116 115 114 113 134 133 132 153 152 151 150 149 128 129 108 87 66 45 44 23 2 1 



905. Najlepsza waga dla 1512286292, XIVMV dla paczek:
163 102 117 62 
to: (170) 
A najlepsza droga dla 1512286292, XIVMV to: 
2 23 44 45 46 47 48 49 50 71 92 93 94 95 116 117 118 119 140 141 142 163 142 121 100 101 102 81 82 61 62 61 40 39 38 37 36 35 34 33 32 11 10 9 8 7 6 5 4 3 2 1 



906. Najlepsza waga dla 1512287239, QEVGR dla paczek:
69 
to: (50) 
A najlepsza droga dla 1512287239, QEVGR to: 
2 23 44 45 46 67 68 69 68 67 46 45 44 23 2 1 



907. Najlepsza waga dla 1512287742, WVZMB dla paczek:
32 56 95 58 
to: (128) 
A najlepsza droga dla 1512287742, WVZMB to: 
2 3 4 5 6 7 8 9 10 11 32 33 34 35 36 37 58 57 56 77 76 75 74 95 74 73 72 71 50 49 48 47 46 45 44 23 2 1 



908. Najlepsza waga dla 1512288072, VGBPD dla paczek:
115 
to: (80) 
A najlepsza droga dla 1512288072, VGBPD to: 
2 23 44 45 46 47 48 49 50 71 92 93 94 115 94 93 92 71 50 49 48 47 46 45 44 23 2 1 



909. Najlepsza waga dla 1512289262, JIJSE dla paczek:
123 148 
to: (196) 
A najlepsza droga dla 1512289262, JIJSE to: 
2 23 44 45 46 47 48 49 50 71 92 93 94 95 116 117 118 119 98 99 100 101 102 123 102 101 100 99 98 119 118 117 116 115 114 113 134 133 132 131 130 129 128 127 148 127 106 85 64 65 44 23 2 1 



910. Najlepsza waga dla 1512289604, POPTF dla paczek:
90 140 
to: (113) 
A najlepsza droga dla 1512289604, POPTF to: 
2 23 44 45 46 67 68 69 90 91 92 93 94 95 116 117 118 119 140 119 118 117 116 95 74 73 72 71 50 49 48 47 46 45 44 23 2 1 



911. Najlepsza waga dla 1512289753, CDLPG dla paczek:
104 18 38 79 
to: (178) 
A najlepsza droga dla 1512289753, CDLPG to: 
2 3 4 5 6 7 8 9 10 11 32 33 34 35 36 37 38 39 18 19 40 61 62 63 84 83 104 83 82 81 80 79 58 37 36 35 34 33 32 11 10 9 8 7 6 5 4 3 2 1 



912. Najlepsza waga dla 1512291042, TIOZO dla paczek:
160 26 
to: (102) 
A najlepsza droga dla 1512291042, TIOZO to: 
2 23 44 45 46 47 48 49 50 71 92 93 94 95 116 117 138 139 160 139 138 117 116 95 94 93 92 71 50 49 48 47 26 47 46 45 44 23 2 1 



913. Najlepsza waga dla 1512291565, YFXGM dla paczek:
135 89 168 163 
to: (190) 
A najlepsza droga dla 1512291565, YFXGM to: 
2 23 44 45 46 67 68 89 110 131 132 133 134 135 136 115 116 117 118 119 140 141 142 163 164 165 144 145 146 167 168 167 146 145 144 165 164 163 142 141 140 119 118 117 116 95 74 73 72 71 50 49 48 47 46 45 44 23 2 1 



914. Najlepsza waga dla 1512291754, FZRFS dla paczek:
136 65 166 
to: (166) 
A najlepsza droga dla 1512291754, FZRFS to: 
2 23 44 45 46 47 48 49 50 71 92 113 134 135 136 115 116 117 118 119 140 141 142 163 164 165 166 165 164 163 142 141 140 119 118 117 116 95 94 93 92 71 50 49 48 47 46 67 66 65 44 23 2 1 



915. Najlepsza waga dla 1512291927, QEPWP dla paczek:
89 81 90 
to: (169) 
A najlepsza droga dla 1512291927, QEPWP to: 
2 23 44 45 46 67 68 89 90 91 92 93 94 95 116 117 118 119 98 99 100 101 102 81 80 79 58 37 36 35 34 33 32 11 10 9 8 7 6 5 4 3 2 1 



916. Najlepsza waga dla 1512292296, LWSSZ dla paczek:
106 157 118 
to: (135) 
A najlepsza droga dla 1512292296, LWSSZ to: 
2 23 44 65 64 85 106 107 108 109 130 151 152 153 132 133 134 135 136 157 136 115 116 117 118 117 116 95 94 93 92 71 50 49 48 47 46 45 44 23 2 1 



917. Najlepsza waga dla 1512292821, XAEXN dla paczek:
44 57 
to: (109) 
A najlepsza droga dla 1512292821, XAEXN to: 
2 23 44 45 46 47 48 49 50 29 30 9 10 11 32 33 34 35 36 57 36 35 34 33 32 11 10 9 8 7 6 5 4 3 2 1 



918. Najlepsza waga dla 1512293550, GHSGJ dla paczek:
62 65 
to: (159) 
A najlepsza droga dla 1512293550, GHSGJ to: 
2 3 4 5 6 7 8 9 10 11 32 33 34 35 36 37 38 39 40 61 62 61 40 39 38 37 36 35 34 33 32 11 10 9 30 29 50 49 48 47 46 67 66 65 44 23 2 1 



919. Najlepsza waga dla 1512294652, IJIFH dla paczek:
50 65 
to: (58) 
A najlepsza droga dla 1512294652, IJIFH to: 
2 23 44 45 46 47 48 49 50 49 48 47 46 67 66 65 44 23 2 1 



920. Najlepsza waga dla 1512295097, XZFAK dla paczek:
69 
to: (50) 
A najlepsza droga dla 1512295097, XZFAK to: 
2 23 44 45 46 67 68 69 68 67 46 45 44 23 2 1 



921. Najlepsza waga dla 1512295126, FSHPZ dla paczek:
26 46 15 34 
to: (111) 
A najlepsza droga dla 1512295126, FSHPZ to: 
2 23 44 45 46 47 26 47 48 49 50 29 30 9 10 11 32 33 34 35 36 15 36 35 34 33 32 11 10 9 8 7 6 5 4 3 2 1 



922. Najlepsza waga dla 1512296069, MUVXT dla paczek:
131 124 46 
to: (172) 
A najlepsza droga dla 1512296069, MUVXT to: 
2 23 44 45 46 67 68 89 110 131 132 133 134 113 114 115 116 117 118 119 140 141 142 143 144 145 124 145 144 143 142 141 140 119 118 117 116 95 94 93 92 71 50 49 48 47 46 45 44 23 2 1 



923. Najlepsza waga dla 1512297227, IJIFH dla paczek:
90 80 157 
to: (168) 
A najlepsza droga dla 1512297227, IJIFH to: 
2 23 44 45 46 67 68 69 90 111 112 113 134 135 136 157 136 115 116 117 118 119 98 99 78 79 80 79 58 37 36 35 34 33 32 11 10 9 8 7 6 5 4 3 2 1 



924. Najlepsza waga dla 1512297646, IJIFH dla paczek:
143 148 162 137 
to: (192) 
A najlepsza droga dla 1512297646, IJIFH to: 
2 23 44 45 46 47 48 49 50 71 92 93 94 95 116 117 118 119 140 141 142 143 142 141 162 161 160 139 138 137 136 135 134 133 132 131 130 129 128 127 148 127 106 85 64 65 44 23 2 1 



925. Najlepsza waga dla 1512297717, VXUFJ dla paczek:
79 66 
to: (126) 
A najlepsza droga dla 1512297717, VXUFJ to: 
2 3 4 5 6 7 8 9 10 11 32 33 34 35 36 37 58 79 58 37 36 35 34 33 32 11 10 9 30 29 50 49 48 47 46 67 66 45 44 23 2 1 



926. Najlepsza waga dla 1512298356, BQJHX dla paczek:
149 92 
to: (105) 
A najlepsza droga dla 1512298356, BQJHX to: 
2 23 44 65 64 85 106 127 128 149 150 151 152 153 132 133 134 113 92 71 50 49 48 47 46 45 44 23 2 1 



927. Najlepsza waga dla 1512299782, YCNVE dla paczek:
114 125 
to: (164) 
A najlepsza droga dla 1512299782, YCNVE to: 
2 23 44 45 46 47 48 49 50 71 92 113 114 115 116 117 118 119 140 141 142 163 164 165 144 145 124 125 124 145 144 143 142 141 140 119 118 117 116 95 74 73 72 71 50 49 48 47 46 45 44 23 2 1 



928. Najlepsza waga dla 1512300633, POPTF dla paczek:
58 141 
to: (134) 
A najlepsza droga dla 1512300633, POPTF to: 
2 3 4 5 6 7 8 9 10 11 32 33 34 35 36 37 58 79 100 121 142 141 140 119 118 117 116 95 74 73 72 71 50 49 48 47 46 45 44 23 2 1 



929. Najlepsza waga dla 1512301572, XALHC dla paczek:
114 135 88 
to: (102) 
A najlepsza droga dla 1512301572, XALHC to: 
2 23 44 45 46 47 48 49 50 71 92 113 114 135 134 133 132 131 110 89 88 67 46 45 44 23 2 1 



930. Najlepsza waga dla 1512302175, LOPDR dla paczek:
123 168 
to: (181) 
A najlepsza droga dla 1512302175, LOPDR to: 
2 23 44 45 46 47 48 49 50 71 92 93 94 95 116 117 118 119 98 99 100 101 102 123 144 145 146 167 168 167 146 145 144 143 142 141 140 119 118 117 116 95 74 73 72 71 50 49 48 47 46 45 44 23 2 1 



931. Najlepsza waga dla 1512302501, KCIIW dla paczek:
126 27 140 
to: (175) 
A najlepsza droga dla 1512302501, KCIIW to: 
2 23 44 45 46 47 48 49 50 71 92 93 94 95 116 117 118 119 140 141 142 163 164 165 144 145 124 125 126 125 124 145 144 143 142 141 140 119 118 117 116 95 74 73 72 71 50 49 48 27 26 47 46 45 44 23 2 1 



932. Najlepsza waga dla 1512303819, NSSBS dla paczek:
143 51 156 112 
to: (177) 
A najlepsza droga dla 1512303819, NSSBS to: 
2 23 44 45 46 47 48 49 50 51 52 53 74 95 116 117 118 119 140 141 142 143 142 141 140 119 118 117 116 115 136 135 156 155 134 113 112 91 70 49 48 47 46 45 44 23 2 1 



933. Najlepsza waga dla 1512303837, FARQP dla paczek:
142 138 129 
to: (149) 
A najlepsza droga dla 1512303837, FARQP to: 
2 23 44 45 46 47 48 49 50 71 92 93 94 95 116 117 118 119 140 141 142 141 140 119 118 117 138 117 116 115 114 113 134 133 132 131 130 129 108 87 66 45 44 23 2 1 



934. Najlepsza waga dla 1512305282, JESZR dla paczek:
54 31 41 
to: (160) 
A najlepsza droga dla 1512305282, JESZR to: 
2 3 4 5 6 7 8 9 10 11 32 53 54 33 34 35 36 37 38 39 40 41 40 39 38 37 36 35 34 33 32 31 30 29 50 49 48 47 46 45 44 23 2 1 



935. Najlepsza waga dla 1512305954, STVXL dla paczek:
166 169 55 119 
to: (206) 
A najlepsza droga dla 1512305954, STVXL to: 
2 23 44 65 64 85 106 127 128 149 170 169 170 149 150 151 152 153 132 133 134 113 114 115 116 117 118 119 140 141 142 163 164 165 166 165 164 163 142 121 100 99 98 77 56 55 54 53 32 11 10 9 8 7 6 5 4 3 2 1 



936. Najlepsza waga dla 1512307456, ATMVF dla paczek:
160 68 
to: (105) 
A najlepsza droga dla 1512307456, ATMVF to: 
2 23 44 45 46 47 48 49 50 71 92 93 94 95 116 117 138 139 160 139 138 117 116 95 94 93 92 71 50 49 48 69 68 67 46 45 44 23 2 1 



937. Najlepsza waga dla 1512308694, PJZZQ dla paczek:
79 97 23 
to: (128) 
A najlepsza droga dla 1512308694, PJZZQ to: 
2 3 4 5 6 7 8 9 10 11 32 33 34 35 36 37 58 79 78 99 98 97 96 95 74 73 72 71 50 49 48 47 46 45 44 23 2 1 



938. Najlepsza waga dla 1512309452, UBQWA dla paczek:
158 57 
to: (148) 
A najlepsza droga dla 1512309452, UBQWA to: 
2 23 44 45 46 47 48 49 50 71 92 113 134 135 136 157 158 137 116 95 74 53 32 33 34 35 36 57 36 35 34 33 32 11 10 9 8 7 6 5 4 3 2 1 



939. Najlepsza waga dla 1512310007, LRULC dla paczek:
48 
to: (46) 
A najlepsza droga dla 1512310007, LRULC to: 
2 23 44 45 46 47 48 47 46 45 44 23 2 1 



940. Najlepsza waga dla 1512310420, EGYLU dla paczek:
161 
to: (106) 
A najlepsza droga dla 1512310420, EGYLU to: 
2 23 44 45 46 47 48 49 50 71 92 93 94 95 116 117 138 139 160 161 160 139 138 117 116 95 74 73 72 71 50 49 48 47 46 45 44 23 2 1 



941. Najlepsza waga dla 1512310908, AWFSU dla paczek:
68 76 57 117 
to: (131) 
A najlepsza droga dla 1512310908, AWFSU to: 
2 23 44 45 46 67 68 69 48 49 50 71 72 73 74 95 116 117 118 97 76 77 56 57 36 35 34 33 32 11 10 9 8 7 6 5 4 3 2 1 



942. Najlepsza waga dla 1512311619, GAQLQ dla paczek:
85 89 20 142 
to: (210) 
A najlepsza droga dla 1512311619, GAQLQ to: 
2 23 44 65 64 85 86 87 88 89 110 111 112 113 114 115 116 117 118 119 140 141 142 121 100 101 102 81 82 83 84 63 42 21 20 19 18 17 16 15 36 35 34 33 32 11 10 9 8 7 6 5 4 3 2 1 



943. Najlepsza waga dla 1512311923, STVXL dla paczek:
73 53 
to: (83) 
A najlepsza droga dla 1512311923, STVXL to: 
2 23 44 45 46 47 48 49 50 71 72 73 74 53 32 11 10 9 8 7 6 5 4 3 2 1 



944. Najlepsza waga dla 1512312091, YFXGM dla paczek:
162 
to: (112) 
A najlepsza droga dla 1512312091, YFXGM to: 
2 23 44 45 46 47 48 49 50 71 92 93 94 95 116 117 138 139 160 161 162 161 160 139 138 117 116 95 94 93 92 71 50 49 48 47 46 45 44 23 2 1 



945. Najlepsza waga dla 1512313587, FSHPZ dla paczek:
17 67 13 
to: (147) 
A najlepsza droga dla 1512313587, FSHPZ to: 
2 3 4 5 6 7 8 9 10 11 32 33 34 35 36 15 16 17 16 15 36 35 34 13 12 11 10 9 30 29 50 49 48 47 46 67 46 45 44 23 2 1 



946. Najlepsza waga dla 1512314244, CIWOU dla paczek:
146 
to: (152) 
A najlepsza droga dla 1512314244, CIWOU to: 
2 23 44 45 46 47 48 49 50 71 92 93 94 95 116 117 118 119 140 141 142 163 164 165 144 145 146 145 144 143 142 141 140 119 118 117 116 95 74 73 72 71 50 49 48 47 46 45 44 23 2 1 



947. Najlepsza waga dla 1512315189, MUVXT dla paczek:
44 56 62 131 
to: (189) 
A najlepsza droga dla 1512315189, MUVXT to: 
2 23 44 45 46 67 68 89 110 131 132 133 134 113 114 115 116 117 118 97 76 77 56 57 58 37 38 39 40 61 62 61 40 39 38 37 36 35 34 33 32 11 10 9 8 7 6 5 4 3 2 1 



948. Najlepsza waga dla 1512315359, XNUPP dla paczek:
18 101 90 
to: (176) 
A najlepsza droga dla 1512315359, XNUPP to: 
2 3 4 5 6 7 8 9 10 11 32 33 34 35 36 15 16 17 18 39 38 59 80 101 100 99 98 119 118 117 116 95 94 93 92 91 90 69 68 67 46 45 44 23 2 1 



949. Najlepsza waga dla 1512316030, PKVIU dla paczek:
19 68 155 
to: (180) 
A najlepsza droga dla 1512316030, PKVIU to: 
2 3 4 5 6 7 8 9 10 11 32 33 34 35 36 15 16 17 18 19 18 17 16 15 36 35 34 33 32 53 74 95 94 93 92 113 134 155 134 113 92 71 50 49 48 69 68 67 46 45 44 23 2 1 



950. Najlepsza waga dla 1512316610, JZNAS dla paczek:
133 48 131 
to: (88) 
A najlepsza droga dla 1512316610, JZNAS to: 
2 23 44 45 46 47 48 49 50 71 92 113 134 133 132 131 110 89 68 67 46 45 44 23 2 1 



951. Najlepsza waga dla 1512316973, EGYLU dla paczek:
36 58 
to: (116) 
A najlepsza droga dla 1512316973, EGYLU to: 
2 3 4 5 6 7 8 9 10 11 32 33 34 35 36 37 58 37 36 35 34 33 32 11 10 9 8 7 6 5 4 3 2 1 



952. Najlepsza waga dla 1512317869, EGOHO dla paczek:
87 48 66 
to: (67) 
A najlepsza droga dla 1512317869, EGOHO to: 
2 23 44 45 66 87 66 67 46 47 48 47 46 45 44 23 2 1 



953. Najlepsza waga dla 1512318010, VLCUD dla paczek:
162 110 
to: (129) 
A najlepsza droga dla 1512318010, VLCUD to: 
2 23 44 45 46 47 48 49 50 71 92 93 94 95 116 117 138 139 160 161 162 161 160 139 138 117 116 115 114 113 112 111 110 89 68 67 46 45 44 23 2 1 



954. Najlepsza waga dla 1512318369, VBDNI dla paczek:
93 147 
to: (164) 
A najlepsza droga dla 1512318369, VBDNI to: 
2 23 44 45 46 47 48 49 50 71 92 93 94 95 116 117 118 119 140 141 142 163 164 165 144 145 146 147 146 145 144 143 142 141 140 119 118 117 116 95 74 73 72 71 50 49 48 47 46 45 44 23 2 1 



955. Najlepsza waga dla 1512319266, EKEZH dla paczek:
27 
to: (48) 
A najlepsza droga dla 1512319266, EKEZH to: 
2 23 44 45 46 47 26 27 26 47 46 45 44 23 2 1 



956. Najlepsza waga dla 1512320399, IVLOL dla paczek:
91 124 65 85 
to: (173) 
A najlepsza droga dla 1512320399, IVLOL to: 
2 23 44 45 46 47 48 49 50 71 92 93 94 95 116 117 118 119 140 141 142 163 164 165 144 145 124 145 144 143 142 141 140 119 118 117 116 95 94 93 92 91 70 69 68 67 66 65 64 85 64 65 44 23 2 1 



957. Najlepsza waga dla 1512321429, DAPJR dla paczek:
125 35 147 
to: (179) 
A najlepsza droga dla 1512321429, DAPJR to: 
2 3 4 5 6 7 8 9 10 11 32 33 34 35 36 37 58 79 80 81 82 83 104 125 126 147 146 145 144 143 142 141 140 119 118 117 116 95 74 73 72 71 50 49 48 47 46 45 44 23 2 1 



958. Najlepsza waga dla 1512322889, QOFYZ dla paczek:
132 
to: (82) 
A najlepsza droga dla 1512322889, QOFYZ to: 
2 23 44 45 46 47 48 49 50 71 92 113 134 133 132 133 134 113 92 71 50 49 48 47 46 45 44 23 2 1 



959. Najlepsza waga dla 1512323083, OUJGO dla paczek:
32 147 127 
to: (195) 
A najlepsza droga dla 1512323083, OUJGO to: 
2 3 4 5 6 7 8 9 10 11 32 53 74 95 116 117 118 119 140 141 142 143 144 145 146 147 146 145 144 143 142 141 140 119 118 117 116 115 114 113 134 133 132 131 130 129 128 127 106 85 64 65 44 23 2 1 



960. Najlepsza waga dla 1512323207, DDERH dla paczek:
113 101 147 
to: (173) 
A najlepsza droga dla 1512323207, DDERH to: 
2 23 44 45 46 47 48 49 50 71 92 113 114 115 116 117 118 119 98 99 100 101 122 143 144 145 146 147 146 145 144 143 142 141 140 119 118 117 116 95 74 73 72 71 50 49 48 47 46 45 44 23 2 1 



961. Najlepsza waga dla 1512323638, FHZVC dla paczek:
92 163 80 
to: (147) 
A najlepsza droga dla 1512323638, FHZVC to: 
2 23 44 45 46 47 48 49 50 71 92 93 94 95 116 117 118 119 140 141 142 163 142 121 100 101 80 79 58 37 36 35 34 33 32 11 10 9 8 7 6 5 4 3 2 1 



962. Najlepsza waga dla 1512324022, WUVTI dla paczek:
150 38 
to: (173) 
A najlepsza droga dla 1512324022, WUVTI to: 
2 23 44 45 66 87 108 129 150 151 152 153 132 133 134 113 114 115 116 117 118 119 98 99 78 79 58 37 38 37 36 35 34 33 32 11 10 9 8 7 6 5 4 3 2 1 



963. Najlepsza waga dla 1512325349, PRUFP dla paczek:
139 128 
to: (124) 
A najlepsza droga dla 1512325349, PRUFP to: 
2 23 44 45 46 47 48 49 50 71 92 93 94 95 116 117 138 139 138 117 116 115 114 113 134 133 132 131 130 129 128 127 106 85 64 65 44 23 2 1 



964. Najlepsza waga dla 1512326835, EGOHO dla paczek:
113 90 35 122 
to: (159) 
A najlepsza droga dla 1512326835, EGOHO to: 
2 23 44 45 46 67 68 69 90 111 112 113 114 115 116 117 118 119 140 141 142 121 122 101 100 99 78 57 36 35 34 33 32 11 10 9 8 7 6 5 4 3 2 1 



965. Najlepsza waga dla 1512327295, EKEZH dla paczek:
70 82 118 20 
to: (180) 
A najlepsza droga dla 1512327295, EKEZH to: 
2 23 44 45 46 47 48 49 70 91 92 93 94 95 116 117 118 119 98 99 100 101 102 81 82 83 84 63 42 21 20 19 18 17 16 15 36 35 34 33 32 11 10 9 8 7 6 5 4 3 2 1 



966. Najlepsza waga dla 1512327658, XZFAK dla paczek:
146 78 117 67 
to: (167) 
A najlepsza droga dla 1512327658, XZFAK to: 
2 3 4 5 6 7 8 9 10 11 32 33 34 35 36 57 78 99 100 101 122 143 144 145 146 145 144 143 142 141 140 119 118 117 116 95 94 93 92 71 50 49 48 47 46 67 46 45 44 23 2 1 



967. Najlepsza waga dla 1512327806, JONGY dla paczek:
113 
to: (72) 
A najlepsza droga dla 1512327806, JONGY to: 
2 23 44 45 46 47 48 49 50 71 92 113 92 71 50 49 48 47 46 45 44 23 2 1 



968. Najlepsza waga dla 1512328424, STVXL dla paczek:
42 74 110 
to: (183) 
A najlepsza droga dla 1512328424, STVXL to: 
2 3 4 5 6 7 8 9 10 11 32 33 34 35 36 37 38 39 40 41 42 41 40 39 38 37 36 35 34 33 32 53 74 95 94 93 92 91 112 111 110 89 68 67 46 45 44 23 2 1 



969. Najlepsza waga dla 1512329761, IAYTG dla paczek:
137 
to: (100) 
A najlepsza droga dla 1512329761, IAYTG to: 
2 23 44 45 46 47 48 49 50 71 92 113 134 135 136 137 136 135 134 113 92 71 50 49 48 47 46 45 44 23 2 1 



970. Najlepsza waga dla 1512331092, TGOSM dla paczek:
126 31 124 
to: (178) 
A najlepsza droga dla 1512331092, TGOSM to: 
2 23 44 45 46 47 48 49 50 29 30 31 32 33 34 35 36 37 58 79 80 81 82 83 104 125 126 125 124 145 144 143 142 141 140 119 118 117 116 95 94 93 92 71 50 49 48 47 46 45 44 23 2 1 



971. Najlepsza waga dla 1512331273, JONGY dla paczek:
137 
to: (100) 
A najlepsza droga dla 1512331273, JONGY to: 
2 23 44 45 46 47 48 49 50 71 92 113 134 135 136 137 136 135 134 113 92 71 50 49 48 47 46 45 44 23 2 1 



972. Najlepsza waga dla 1512332659, PVGYH dla paczek:
90 120 
to: (129) 
A najlepsza droga dla 1512332659, PVGYH to: 
2 23 44 45 46 67 68 69 90 91 92 93 94 95 116 117 118 119 120 119 118 117 116 95 74 73 72 71 50 49 48 47 46 45 44 23 2 1 



973. Najlepsza waga dla 1512333077, OCTTM dla paczek:
90 
to: (64) 
A najlepsza droga dla 1512333077, OCTTM to: 
2 23 44 45 46 67 68 69 90 69 68 67 46 45 44 23 2 1 



974. Najlepsza waga dla 1512333112, KLOJK dla paczek:
69 74 
to: (83) 
A najlepsza droga dla 1512333112, KLOJK to: 
2 23 44 45 46 67 68 69 48 49 50 71 72 73 74 73 72 71 50 49 48 47 46 45 44 23 2 1 



975. Najlepsza waga dla 1512333190, SUAXE dla paczek:
118 
to: (94) 
A najlepsza droga dla 1512333190, SUAXE to: 
2 23 44 45 46 47 48 49 50 71 92 93 94 95 116 117 118 117 116 95 94 93 92 71 50 49 48 47 46 45 44 23 2 1 



976. Najlepsza waga dla 1512334613, JDCDX dla paczek:
46 59 71 46 
to: (137) 
A najlepsza droga dla 1512334613, JDCDX to: 
2 23 44 45 46 47 48 49 50 71 50 29 30 9 10 11 32 33 34 35 36 37 58 59 58 37 36 35 34 33 32 11 10 9 8 7 6 5 4 3 2 1 



977. Najlepsza waga dla 1512336048, EKEZH dla paczek:
132 123 68 
to: (169) 
A najlepsza droga dla 1512336048, EKEZH to: 
2 23 44 45 46 47 48 49 50 71 92 93 94 95 116 117 118 119 98 99 100 101 102 123 102 101 100 99 98 119 118 117 116 115 114 113 134 133 132 111 90 69 68 67 46 45 44 23 2 1 



978. Najlepsza waga dla 1512336133, AEZQI dla paczek:
50 135 59 46 
to: (150) 
A najlepsza droga dla 1512336133, AEZQI to: 
2 3 4 5 6 7 8 9 10 11 32 33 34 35 36 37 58 59 80 79 78 99 98 119 118 117 116 115 136 135 134 113 92 71 50 49 48 47 46 45 44 23 2 1 



979. Najlepsza waga dla 1512337040, ZUHRI dla paczek:
157 79 67 
to: (153) 
A najlepsza droga dla 1512337040, ZUHRI to: 
2 3 4 5 6 7 8 9 10 11 32 33 34 35 36 37 58 79 78 99 98 119 118 117 116 115 136 157 136 135 134 113 92 71 50 49 48 47 46 67 46 45 44 23 2 1 



980. Najlepsza waga dla 1512337356, ZIRCI dla paczek:
58 156 88 91 
to: (168) 
A najlepsza droga dla 1512337356, ZIRCI to: 
2 3 4 5 6 7 8 9 10 11 32 33 34 35 36 37 58 79 78 99 98 119 118 117 116 115 136 135 156 155 134 113 92 91 112 111 110 89 88 67 46 45 44 23 2 1 



981. Najlepsza waga dla 1512338829, PXCFO dla paczek:
18 116 91 146 
to: (189) 
A najlepsza droga dla 1512338829, PXCFO to: 
2 3 4 5 6 7 8 9 10 11 32 33 34 35 36 15 16 17 18 19 40 61 62 63 84 83 104 125 146 145 144 143 142 141 140 119 118 117 116 95 94 93 92 91 70 49 48 47 46 45 44 23 2 1 



982. Najlepsza waga dla 1512339817, UQIKA dla paczek:
169 47 48 
to: (106) 
A najlepsza droga dla 1512339817, UQIKA to: 
2 23 44 65 64 85 106 127 128 149 170 169 170 149 128 127 106 85 64 65 66 67 46 47 48 47 46 45 44 23 2 1 



983. Najlepsza waga dla 1512339909, ORDLP dla paczek:
40 106 18 
to: (177) 
A najlepsza droga dla 1512339909, ORDLP to: 
2 3 4 5 6 7 8 9 10 11 32 33 34 35 36 37 38 39 40 19 18 17 16 15 36 35 34 33 32 11 10 9 30 29 50 49 48 47 46 67 66 65 64 85 106 85 64 65 44 23 2 1 



984. Najlepsza waga dla 1512340517, ZIRCI dla paczek:
48 
to: (46) 
A najlepsza droga dla 1512340517, ZIRCI to: 
2 23 44 45 46 47 48 47 46 45 44 23 2 1 



985. Najlepsza waga dla 1512341164, BQJHX dla paczek:
17 
to: (136) 
A najlepsza droga dla 1512341164, BQJHX to: 
2 3 4 5 6 7 8 9 10 11 32 33 34 35 36 15 16 17 16 15 36 35 34 33 32 11 10 9 8 7 6 5 4 3 2 1 



986. Najlepsza waga dla 1512341677, QGTKX dla paczek:
133 140 80 76 
to: (155) 
A najlepsza droga dla 1512341677, QGTKX to: 
2 23 44 45 46 47 48 49 50 71 92 113 134 133 134 113 114 115 116 117 118 119 140 119 98 99 78 79 80 79 78 77 76 75 74 73 72 71 50 49 48 47 46 45 44 23 2 1 



987. Najlepsza waga dla 1512341700, ADIST dla paczek:
48 
to: (46) 
A najlepsza droga dla 1512341700, ADIST to: 
2 23 44 45 46 47 48 47 46 45 44 23 2 1 



988. Najlepsza waga dla 1512342566, XNUPP dla paczek:
26 123 34 47 
to: (160) 
A najlepsza droga dla 1512342566, XNUPP to: 
2 23 44 45 46 47 26 47 48 49 50 71 72 73 74 95 116 117 118 119 98 99 100 101 102 123 102 101 100 99 78 57 36 35 34 33 32 11 10 9 8 7 6 5 4 3 2 1 



989. Najlepsza waga dla 1512342632, RYVQB dla paczek:
57 69 
to: (114) 
A najlepsza droga dla 1512342632, RYVQB to: 
2 3 4 5 6 7 8 9 10 11 32 33 34 35 36 57 36 35 34 33 32 11 10 9 30 29 50 49 48 69 68 67 46 45 44 23 2 1 



990. Najlepsza waga dla 1512343728, FPVNJ dla paczek:
36 
to: (102) 
A najlepsza droga dla 1512343728, FPVNJ to: 
2 3 4 5 6 7 8 9 10 11 32 33 34 35 36 35 34 33 32 11 10 9 8 7 6 5 4 3 2 1 



991. Najlepsza waga dla 1512344429, GHSGJ dla paczek:
87 81 14 
to: (174) 
A najlepsza droga dla 1512344429, GHSGJ to: 
2 23 44 45 66 87 66 67 46 47 48 49 50 29 30 9 10 11 32 33 34 35 36 37 58 79 80 81 80 79 58 37 36 35 14 35 34 33 32 11 10 9 8 7 6 5 4 3 2 1 



992. Najlepsza waga dla 1512345523, FPVNJ dla paczek:
103 
to: (150) 
A najlepsza droga dla 1512345523, FPVNJ to: 
2 23 44 45 46 47 48 49 50 71 92 93 94 95 116 117 118 119 98 99 100 101 102 103 102 101 100 99 98 119 118 117 116 95 74 73 72 71 50 49 48 47 46 45 44 23 2 1 



993. Najlepsza waga dla 1512345963, RYVQB dla paczek:
100 38 58 
to: (143) 
A najlepsza droga dla 1512345963, RYVQB to: 
2 23 44 45 46 47 48 49 50 71 92 93 94 95 116 117 118 119 98 99 100 79 58 37 38 37 36 35 34 33 32 11 10 9 8 7 6 5 4 3 2 1 



994. Najlepsza waga dla 1512347009, CFJNU dla paczek:
37 
to: (114) 
A najlepsza droga dla 1512347009, CFJNU to: 
2 3 4 5 6 7 8 9 10 11 32 33 34 35 36 37 36 35 34 33 32 11 10 9 8 7 6 5 4 3 2 1 



995. Najlepsza waga dla 1512347190, CIWOU dla paczek:
46 
to: (38) 
A najlepsza droga dla 1512347190, CIWOU to: 
2 23 44 45 46 45 44 23 2 1 



996. Najlepsza waga dla 1512347579, HFCQS dla paczek:
136 17 103 112 
to: (183) 
A najlepsza droga dla 1512347579, HFCQS to: 
2 3 4 5 6 7 8 9 10 11 32 33 34 35 36 15 16 17 38 39 40 61 82 103 102 101 100 99 98 119 118 117 116 115 136 135 134 113 112 91 70 49 48 47 46 45 44 23 2 1 



997. Najlepsza waga dla 1512347925, WVZMB dla paczek:
153 17 
to: (170) 
A najlepsza droga dla 1512347925, WVZMB to: 
2 23 44 45 66 87 108 109 130 151 152 153 132 133 134 113 92 93 94 95 74 53 32 33 34 35 36 15 16 17 16 15 36 35 34 33 32 11 10 9 8 7 6 5 4 3 2 1 



998. Najlepsza waga dla 1512349401, FSHPZ dla paczek:
38 40 75 
to: (146) 
A najlepsza droga dla 1512349401, FSHPZ to: 
2 3 4 5 6 7 8 9 10 11 32 33 34 35 36 37 38 39 40 39 38 37 36 35 34 33 54 75 74 73 72 71 50 49 48 47 46 45 44 23 2 1 



999. Najlepsza waga dla 1512350193, HFCQS dla paczek:
59 117 29 15 
to: (149) 
A najlepsza droga dla 1512350193, HFCQS to: 
2 23 44 45 46 47 48 49 50 71 92 93 94 95 116 117 118 119 98 99 78 79 80 59 58 37 36 15 36 35 34 33 32 11 10 9 30 29 50 49 48 47 46 45 44 23 2 1 



1000. Najlepsza waga dla 1512351102, IVLOL dla paczek:
79 88 88 140 
to: (147) 
A najlepsza droga dla 1512351102, IVLOL to: 
2 3 4 5 6 7 8 9 10 11 32 33 34 35 36 37 58 79 78 99 98 119 140 119 118 117 116 115 114 113 112 111 110 89 88 67 46 45 44 23 2 1 



