703. Najlepsza waga dla 1512127119, QEUNT dla paczek:
144 120 72 
to: (148) 
A najlepsza droga dla 1512127119, QEUNT to: 
2 23 44 45 46 47 48 49 50 71 92 93 94 95 116 117 118 119 140 141 142 163 164 165 144 143 142 121 120 119 118 117 116 95 74 73 72 71 50 49 48 47 46 45 44 23 2 1 



704. Najlepsza waga dla 1512127936, FPVNJ dla paczek:
98 169 118 
to: (157) 
A najlepsza droga dla 1512127936, FPVNJ to: 
2 23 44 45 46 47 48 49 50 71 92 93 94 95 116 117 118 119 98 119 118 117 116 115 114 113 134 133 132 153 152 151 150 149 170 169 170 149 128 127 106 85 64 65 44 23 2 1 



705. Najlepsza waga dla 1512128311, KLOJK dla paczek:
136 
to: (86) 
A najlepsza droga dla 1512128311, KLOJK to: 
2 23 44 45 46 47 48 49 50 71 92 113 134 135 136 135 134 113 92 71 50 49 48 47 46 45 44 23 2 1 



706. Najlepsza waga dla 1512128416, ATMVF dla paczek:
46 
to: (38) 
A najlepsza droga dla 1512128416, ATMVF to: 
2 23 44 45 46 45 44 23 2 1 



707. Najlepsza waga dla 1512128706, PRUFP dla paczek:
117 
to: (90) 
A najlepsza droga dla 1512128706, PRUFP to: 
2 23 44 45 46 47 48 49 50 71 92 93 94 95 116 117 116 95 94 93 92 71 50 49 48 47 46 45 44 23 2 1 



708. Najlepsza waga dla 1512129775, WVZMB dla paczek:
115 148 147 147 
to: (206) 
A najlepsza droga dla 1512129775, WVZMB to: 
2 23 44 65 64 85 106 127 148 127 128 129 130 131 132 133 134 113 114 115 116 117 118 119 140 141 142 163 164 165 144 145 146 147 146 145 144 143 142 141 140 119 118 117 116 95 74 73 72 71 50 49 48 47 46 45 44 23 2 1 



709. Najlepsza waga dla 1512129849, JONGY dla paczek:
25 55 
to: (111) 
A najlepsza droga dla 1512129849, JONGY to: 
2 3 4 25 26 47 48 49 50 71 72 73 74 75 76 55 54 53 32 11 10 9 8 7 6 5 4 3 2 1 



710. Najlepsza waga dla 1512130007, QQQFR dla paczek:
124 22 47 
to: (155) 
A najlepsza droga dla 1512130007, QQQFR to: 
2 23 44 45 46 47 48 49 50 71 92 93 94 95 116 117 118 119 140 141 142 163 164 165 144 145 124 145 144 143 142 141 140 119 118 117 116 95 94 93 92 71 50 49 48 47 46 45 44 23 22 1 



711. Najlepsza waga dla 1512130772, QRYDL dla paczek:
33 85 153 160 
to: (136) 
A najlepsza droga dla 1512130772, QRYDL to: 
2 3 4 5 6 7 8 9 10 11 32 33 32 53 74 95 116 117 138 139 160 139 138 117 116 115 114 113 134 133 132 153 152 151 130 109 108 107 106 85 64 65 44 23 2 1 



712. Najlepsza waga dla 1512131743, SUAXE dla paczek:
124 39 55 72 
to: (181) 
A najlepsza droga dla 1512131743, SUAXE to: 
2 23 44 45 46 47 48 49 50 71 92 93 94 95 116 117 118 119 140 141 142 163 164 165 144 145 124 103 82 61 40 39 38 37 36 35 34 55 76 75 74 73 72 71 50 49 48 47 46 45 44 23 2 1 



713. Najlepsza waga dla 1512132548, DGECF dla paczek:
81 149 
to: (185) 
A najlepsza droga dla 1512132548, DGECF to: 
2 3 4 5 6 7 8 9 10 11 32 33 34 35 36 37 58 79 80 81 102 101 100 99 98 119 118 117 116 115 114 113 134 133 132 153 152 151 150 149 128 127 106 85 64 65 44 23 2 1 



714. Najlepsza waga dla 1512132557, UDHXE dla paczek:
25 167 140 
to: (157) 
A najlepsza droga dla 1512132557, UDHXE to: 
2 3 4 25 26 47 48 49 50 71 72 73 74 95 116 117 118 119 140 141 142 163 164 165 144 145 146 167 146 145 144 143 142 141 140 119 118 117 116 95 74 73 72 71 50 49 48 47 46 45 44 23 2 1 



715. Najlepsza waga dla 1512133651, UTIEH dla paczek:
145 117 
to: (148) 
A najlepsza droga dla 1512133651, UTIEH to: 
2 23 44 45 46 47 48 49 50 71 92 93 94 95 116 117 118 119 140 141 142 163 164 165 144 145 144 143 142 141 140 119 118 117 116 95 94 93 92 71 50 49 48 47 46 45 44 23 2 1 



716. Najlepsza waga dla 1512134550, SUAXE dla paczek:
119 
to: (100) 
A najlepsza droga dla 1512134550, SUAXE to: 
2 23 44 45 46 47 48 49 50 71 92 93 94 95 116 117 118 119 118 117 116 95 94 93 92 71 50 49 48 47 46 45 44 23 2 1 



717. Najlepsza waga dla 1512134843, DDERH dla paczek:
69 134 147 
to: (173) 
A najlepsza droga dla 1512134843, DDERH to: 
2 23 44 45 46 67 68 69 48 49 50 71 92 113 134 113 114 115 116 117 118 119 140 141 142 143 144 145 146 147 146 145 144 143 142 141 140 119 118 117 116 95 74 73 72 71 50 49 48 47 46 45 44 23 2 1 



718. Najlepsza waga dla 1512135808, KLNCX dla paczek:
147 131 118 
to: (182) 
A najlepsza droga dla 1512135808, KLNCX to: 
2 23 44 45 46 47 48 49 50 71 92 93 94 95 116 117 118 119 140 141 142 163 164 165 144 145 146 147 146 145 144 143 142 141 140 119 118 117 116 115 114 113 134 133 132 131 110 89 68 67 46 45 44 23 2 1 



719. Najlepsza waga dla 1512137003, ZBQTG dla paczek:
91 35 44 
to: (107) 
A najlepsza droga dla 1512137003, ZBQTG to: 
2 3 4 5 6 7 8 9 10 11 32 33 34 35 34 33 32 53 74 95 94 93 92 91 70 49 48 47 46 45 44 23 2 1 



720. Najlepsza waga dla 1512138423, UDHAJ dla paczek:
46 47 15 114 
to: (123) 
A najlepsza droga dla 1512138423, UDHAJ to: 
2 23 44 45 46 47 48 49 50 71 92 113 114 115 116 95 74 53 32 33 34 35 36 15 36 35 34 33 32 11 10 9 8 7 6 5 4 3 2 1 



721. Najlepsza waga dla 1512139094, TCWTQ dla paczek:
70 152 79 26 
to: (155) 
A najlepsza droga dla 1512139094, TCWTQ to: 
2 3 4 5 6 7 8 9 10 11 32 33 34 35 36 37 58 79 78 99 98 119 118 117 116 115 114 113 134 133 132 153 152 153 132 133 112 91 70 49 48 47 26 47 46 45 44 23 2 1 



722. Najlepsza waga dla 1512140560, KBJAF dla paczek:
99 
to: (118) 
A najlepsza droga dla 1512140560, KBJAF to: 
2 23 44 45 46 47 48 49 50 71 92 93 94 95 116 117 118 119 98 99 98 119 118 117 116 95 74 73 72 71 50 49 48 47 46 45 44 23 2 1 



723. Najlepsza waga dla 1512140618, ITPXM dla paczek:
21 
to: (162) 
A najlepsza droga dla 1512140618, ITPXM to: 
2 3 4 5 6 7 8 9 10 11 32 33 34 35 36 37 38 39 40 41 42 21 42 41 40 39 38 37 36 35 34 33 32 11 10 9 8 7 6 5 4 3 2 1 



724. Najlepsza waga dla 1512140855, HNYIU dla paczek:
100 
to: (124) 
A najlepsza droga dla 1512140855, HNYIU to: 
2 23 44 45 46 47 48 49 50 71 92 93 94 95 116 117 118 119 98 99 100 99 98 119 118 117 116 95 74 73 72 71 50 49 48 47 46 45 44 23 2 1 



725. Najlepsza waga dla 1512141071, BDVWM dla paczek:
22 27 
to: (49) 
A najlepsza droga dla 1512141071, BDVWM to: 
22 23 44 45 46 47 26 27 26 47 46 45 44 23 2 1 



726. Najlepsza waga dla 1512141795, UUMQO dla paczek:
80 61 
to: (152) 
A najlepsza droga dla 1512141795, UUMQO to: 
2 3 4 5 6 7 8 9 10 11 32 33 34 35 36 37 58 79 80 59 60 61 40 39 38 37 36 35 34 33 32 11 10 9 8 7 6 5 4 3 2 1 



727. Najlepsza waga dla 1512142349, QYKJR dla paczek:
101 
to: (128) 
A najlepsza droga dla 1512142349, QYKJR to: 
2 23 44 45 46 47 48 49 50 71 92 93 94 95 116 117 118 119 98 99 100 101 100 99 98 119 118 117 116 95 74 73 72 71 50 49 48 47 46 45 44 23 2 1 



728. Najlepsza waga dla 1512143837, IJIFH dla paczek:
152 
to: (88) 
A najlepsza droga dla 1512143837, IJIFH to: 
2 23 44 45 66 87 108 109 130 151 152 151 130 109 108 87 66 45 44 23 2 1 



729. Najlepsza waga dla 1512144291, YBGWW dla paczek:
81 94 31 
to: (152) 
A najlepsza droga dla 1512144291, YBGWW to: 
2 23 44 45 46 47 48 49 50 71 92 93 94 95 116 117 118 119 98 99 100 101 102 81 80 79 58 37 36 35 34 33 32 31 30 29 50 49 48 47 46 45 44 23 2 1 



730. Najlepsza waga dla 1512145544, UQIKA dla paczek:
54 49 61 149 
to: (201) 
A najlepsza droga dla 1512145544, UQIKA to: 
2 23 44 45 46 47 48 49 50 29 30 9 10 11 32 53 54 33 34 35 36 37 38 39 40 61 82 81 102 101 100 99 98 119 118 117 116 115 114 113 134 133 132 153 152 151 150 149 128 127 106 85 64 65 44 23 2 1 



731. Najlepsza waga dla 1512146545, VBDNI dla paczek:
135 14 
to: (125) 
A najlepsza droga dla 1512146545, VBDNI to: 
2 23 44 45 46 47 48 49 50 71 92 113 134 135 136 115 116 95 74 53 32 33 34 35 14 35 34 33 32 11 10 9 8 7 6 5 4 3 2 1 



732. Najlepsza waga dla 1512147624, RWJLG dla paczek:
169 168 
to: (209) 
A najlepsza droga dla 1512147624, RWJLG to: 
2 23 44 65 64 85 106 127 128 149 170 169 170 149 150 151 152 153 132 133 134 113 114 115 116 117 118 119 140 141 142 143 144 145 146 167 168 167 146 145 144 143 142 141 140 119 118 117 116 95 74 73 72 71 50 49 48 47 46 45 44 23 2 1 



733. Najlepsza waga dla 1512147903, PVGYH dla paczek:
78 
to: (118) 
A najlepsza droga dla 1512147903, PVGYH to: 
2 3 4 5 6 7 8 9 10 11 32 33 34 35 36 57 78 57 36 35 34 33 32 11 10 9 8 7 6 5 4 3 2 1 



734. Najlepsza waga dla 1512148520, VBDNI dla paczek:
46 122 
to: (142) 
A najlepsza droga dla 1512148520, VBDNI to: 
2 23 44 45 46 47 48 49 50 71 92 93 94 95 116 117 118 119 140 141 142 121 122 121 142 141 140 119 118 117 116 95 94 93 92 71 50 49 48 47 46 45 44 23 2 1 



735. Najlepsza waga dla 1512149699, HXYLZ dla paczek:
76 87 97 
to: (125) 
A najlepsza droga dla 1512149699, HXYLZ to: 
2 23 44 45 46 47 48 49 50 71 72 73 74 75 76 97 118 117 116 115 114 113 112 111 110 89 88 87 66 45 44 23 2 1 



736. Najlepsza waga dla 1512151051, QGTKX dla paczek:
101 66 147 47 
to: (176) 
A najlepsza droga dla 1512151051, QGTKX to: 
2 23 44 45 46 47 48 49 50 71 92 93 94 95 116 117 118 119 98 99 100 101 122 143 144 145 146 147 146 145 144 143 142 141 140 119 118 117 116 95 74 73 72 71 50 49 48 47 46 67 66 45 44 23 2 1 



737. Najlepsza waga dla 1512151885, HYKKU dla paczek:
84 81 95 
to: (162) 
A najlepsza droga dla 1512151885, HYKKU to: 
2 3 4 5 6 7 8 9 10 11 32 33 34 35 36 37 38 39 40 61 62 63 84 83 82 81 102 101 100 99 98 119 118 117 116 95 74 73 72 71 50 49 48 47 46 45 44 23 2 1 



738. Najlepsza waga dla 1512152579, RWJLG dla paczek:
122 113 
to: (144) 
A najlepsza droga dla 1512152579, RWJLG to: 
2 23 44 45 46 47 48 49 50 71 92 93 94 95 116 117 118 119 140 141 142 121 122 121 142 141 140 119 118 117 116 115 114 113 92 71 50 49 48 47 46 45 44 23 2 1 



739. Najlepsza waga dla 1512152697, KJXWP dla paczek:
39 
to: (130) 
A najlepsza droga dla 1512152697, KJXWP to: 
2 3 4 5 6 7 8 9 10 11 32 33 34 35 36 37 38 39 38 37 36 35 34 33 32 11 10 9 8 7 6 5 4 3 2 1 



740. Najlepsza waga dla 1512152721, NRSAD dla paczek:
77 36 
to: (116) 
A najlepsza droga dla 1512152721, NRSAD to: 
2 23 44 45 46 47 48 49 50 71 72 73 74 75 76 77 56 35 36 35 34 33 32 11 10 9 8 7 6 5 4 3 2 1 



741. Najlepsza waga dla 1512153468, FPVNJ dla paczek:
111 20 
to: (181) 
A najlepsza droga dla 1512153468, FPVNJ to: 
2 23 44 45 46 67 68 69 90 111 112 91 92 93 94 95 74 53 32 33 34 35 36 15 16 17 18 19 20 19 18 17 16 15 36 35 34 33 32 11 10 9 8 7 6 5 4 3 2 1 



742. Najlepsza waga dla 1512154509, PGFIJ dla paczek:
159 108 83 
to: (200) 
A najlepsza droga dla 1512154509, PGFIJ to: 
2 23 44 45 66 87 108 109 110 111 112 113 114 115 116 117 138 159 138 117 118 119 98 99 100 101 102 81 82 83 82 81 80 79 58 37 36 35 34 33 32 11 10 9 8 7 6 5 4 3 2 1 



743. Najlepsza waga dla 1512154974, ZCIVT dla paczek:
79 111 
to: (137) 
A najlepsza droga dla 1512154974, ZCIVT to: 
2 3 4 5 6 7 8 9 10 11 32 33 34 35 36 37 58 79 58 37 36 35 34 33 32 53 74 95 94 93 92 91 112 111 90 69 68 67 46 45 44 23 2 1 



744. Najlepsza waga dla 1512155862, RWJLG dla paczek:
39 79 89 91 
to: (159) 
A najlepsza droga dla 1512155862, RWJLG to: 
2 3 4 5 6 7 8 9 10 11 32 33 34 35 36 37 38 39 38 37 58 79 58 37 36 35 34 33 32 53 74 95 94 93 92 91 112 111 110 89 68 67 46 45 44 23 2 1 



745. Najlepsza waga dla 1512155993, XUFXL dla paczek:
82 15 105 
to: (168) 
A najlepsza droga dla 1512155993, XUFXL to: 
2 3 4 5 6 7 8 9 10 11 32 33 34 35 36 37 58 79 80 81 82 83 104 105 104 83 82 81 80 79 58 37 36 15 36 35 34 33 32 11 10 9 8 7 6 5 4 3 2 1 



746. Najlepsza waga dla 1512156793, ZUHRI dla paczek:
130 113 150 99 
to: (151) 
A najlepsza droga dla 1512156793, ZUHRI to: 
2 23 44 45 66 87 108 109 130 151 150 151 152 153 132 133 134 113 114 115 116 117 118 119 98 99 98 119 118 117 116 95 74 73 72 71 50 49 48 47 46 45 44 23 2 1 



747. Najlepsza waga dla 1512157213, HNYIU dla paczek:
78 
to: (118) 
A najlepsza droga dla 1512157213, HNYIU to: 
2 3 4 5 6 7 8 9 10 11 32 33 34 35 36 57 78 57 36 35 34 33 32 11 10 9 8 7 6 5 4 3 2 1 



748. Najlepsza waga dla 1512157941, ADKVV dla paczek:
136 83 
to: (166) 
A najlepsza droga dla 1512157941, ADKVV to: 
2 23 44 45 46 47 48 49 50 71 92 113 134 135 136 115 116 117 118 119 98 99 100 101 102 81 82 83 82 81 80 79 58 37 36 35 34 33 32 11 10 9 8 7 6 5 4 3 2 1 



749. Najlepsza waga dla 1512159152, BHRTA dla paczek:
146 162 
to: (154) 
A najlepsza droga dla 1512159152, BHRTA to: 
2 23 44 45 46 47 48 49 50 71 92 93 94 95 116 117 118 119 140 141 142 163 164 165 144 145 146 145 144 165 164 163 162 161 160 139 138 117 116 95 94 93 92 71 50 49 48 47 46 45 44 23 2 1 



750. Najlepsza waga dla 1512159714, VGBPD dla paczek:
129 48 85 159 
to: (137) 
A najlepsza droga dla 1512159714, VGBPD to: 
2 23 44 45 46 47 48 49 50 71 72 73 74 95 116 117 138 159 138 117 116 115 114 113 134 133 132 131 130 129 108 107 106 85 64 65 44 23 2 1 



751. Najlepsza waga dla 1512160139, VLCUD dla paczek:
88 
to: (58) 
A najlepsza droga dla 1512160139, VLCUD to: 
2 23 44 45 46 67 88 67 46 45 44 23 2 1 



752. Najlepsza waga dla 1512161027, UDHXE dla paczek:
76 89 60 
to: (173) 
A najlepsza droga dla 1512161027, UDHXE to: 
2 23 44 45 46 67 68 89 110 111 112 91 92 93 94 95 74 75 76 77 78 79 80 59 60 59 58 37 36 35 34 33 32 11 10 9 8 7 6 5 4 3 2 1 



753. Najlepsza waga dla 1512162398, HFCQS dla paczek:
148 156 
to: (129) 
A najlepsza droga dla 1512162398, HFCQS to: 
2 23 44 65 64 85 106 127 148 169 170 171 172 193 194 195 196 175 176 177 156 155 134 113 92 71 50 49 48 47 46 45 44 23 2 1 



754. Najlepsza waga dla 1512163570, LRHNY dla paczek:
156 59 
to: (164) 
A najlepsza droga dla 1512163570, LRHNY to: 
2 23 44 45 46 47 48 49 50 71 92 113 134 155 156 135 136 115 116 117 118 119 98 99 78 79 80 59 58 37 36 35 34 33 32 11 10 9 8 7 6 5 4 3 2 1 



755. Najlepsza waga dla 1512164763, WUVTI dla paczek:
101 90 
to: (139) 
A najlepsza droga dla 1512164763, WUVTI to: 
2 23 44 45 46 47 48 49 50 71 92 93 94 95 116 117 118 119 98 99 100 101 100 99 98 119 118 117 116 95 94 93 92 91 90 69 68 67 46 45 44 23 2 1 



756. Najlepsza waga dla 1512165750, AEZQI dla paczek:
101 
to: (128) 
A najlepsza droga dla 1512165750, AEZQI to: 
2 23 44 45 46 47 48 49 50 71 92 93 94 95 116 117 118 119 98 99 100 101 100 99 98 119 118 117 116 95 74 73 72 71 50 49 48 47 46 45 44 23 2 1 



757. Najlepsza waga dla 1512166335, ZKFVA dla paczek:
157 47 66 
to: (105) 
A najlepsza droga dla 1512166335, ZKFVA to: 
2 23 44 45 46 47 48 49 50 71 92 113 134 135 136 157 136 135 134 113 92 71 50 49 48 47 46 67 66 45 44 23 2 1 



758. Najlepsza waga dla 1512166831, ZKFVA dla paczek:
68 80 99 145 
to: (175) 
A najlepsza droga dla 1512166831, ZKFVA to: 
2 23 44 45 46 67 68 69 48 49 50 71 72 73 74 95 116 117 118 119 98 99 78 79 80 81 82 103 124 145 144 143 142 141 140 119 118 117 116 95 74 73 72 71 50 49 48 47 46 45 44 23 2 1 



759. Najlepsza waga dla 1512167920, UUHDG dla paczek:
130 120 105 
to: (192) 
A najlepsza droga dla 1512167920, UUHDG to: 
2 23 44 45 66 87 108 109 130 131 132 133 134 113 114 115 116 117 118 119 120 121 100 101 102 81 82 83 104 105 104 83 82 81 80 79 58 37 36 35 34 33 32 11 10 9 8 7 6 5 4 3 2 1 



760. Najlepsza waga dla 1512168409, NRSAD dla paczek:
79 
to: (120) 
A najlepsza droga dla 1512168409, NRSAD to: 
2 3 4 5 6 7 8 9 10 11 32 33 34 35 36 37 58 79 58 37 36 35 34 33 32 11 10 9 8 7 6 5 4 3 2 1 



761. Najlepsza waga dla 1512169245, ZFNPS dla paczek:
59 42 77 
to: (175) 
A najlepsza droga dla 1512169245, ZFNPS to: 
2 3 4 5 6 7 8 9 10 11 32 33 34 35 36 37 38 39 40 41 42 41 40 39 38 59 80 79 78 77 76 75 74 73 72 71 50 49 48 47 46 45 44 23 2 1 



762. Najlepsza waga dla 1512169921, XIVMV dla paczek:
98 89 
to: (133) 
A najlepsza droga dla 1512169921, XIVMV to: 
2 23 44 45 46 47 48 49 50 71 92 93 94 95 116 117 118 119 98 119 118 117 116 115 114 113 112 111 110 89 68 67 46 45 44 23 2 1 



763. Najlepsza waga dla 1512170258, KJXWP dla paczek:
146 134 
to: (156) 
A najlepsza droga dla 1512170258, KJXWP to: 
2 23 44 45 46 47 48 49 50 71 92 93 94 95 116 117 118 119 140 141 142 163 164 165 144 145 146 145 144 143 142 141 140 119 118 117 116 115 114 113 134 113 92 71 50 49 48 47 46 45 44 23 2 1 



764. Najlepsza waga dla 1512171480, JDCDX dla paczek:
23 
to: (16) 
A najlepsza droga dla 1512171480, JDCDX to: 
2 23 2 1 



765. Najlepsza waga dla 1512172976, FPVNJ dla paczek:
38 133 
to: (151) 
A najlepsza droga dla 1512172976, FPVNJ to: 
2 3 4 5 6 7 8 9 10 11 32 33 34 35 36 37 38 37 58 79 78 99 98 119 118 117 116 115 114 113 134 133 134 113 92 71 50 49 48 47 46 45 44 23 2 1 



766. Najlepsza waga dla 1512174143, PVGYH dla paczek:
73 141 147 35 
to: (175) 
A najlepsza droga dla 1512174143, PVGYH to: 
2 23 44 45 46 47 48 49 50 71 72 73 74 95 116 117 118 119 140 141 142 143 144 145 146 147 146 145 144 143 122 101 100 99 78 57 36 35 34 33 32 11 10 9 8 7 6 5 4 3 2 1 



767. Najlepsza waga dla 1512174309, NQJFX dla paczek:
18 155 
to: (173) 
A najlepsza droga dla 1512174309, NQJFX to: 
2 3 4 5 6 7 8 9 10 11 32 33 34 35 36 15 16 17 18 17 16 15 36 35 34 33 32 53 74 95 94 93 92 113 134 155 134 113 92 71 50 49 48 47 46 45 44 23 2 1 



768. Najlepsza waga dla 1512175728, ZKFVA dla paczek:
136 58 
to: (135) 
A najlepsza droga dla 1512175728, ZKFVA to: 
2 23 44 45 46 47 48 49 50 71 92 113 134 135 136 115 116 117 118 119 98 99 78 79 58 37 36 35 34 33 32 11 10 9 8 7 6 5 4 3 2 1 



769. Najlepsza waga dla 1512177196, JSJQT dla paczek:
27 
to: (48) 
A najlepsza droga dla 1512177196, JSJQT to: 
2 23 44 45 46 47 26 27 26 47 46 45 44 23 2 1 



770. Najlepsza waga dla 1512178622, AWFSU dla paczek:
137 142 
to: (136) 
A najlepsza droga dla 1512178622, AWFSU to: 
2 23 44 45 46 47 48 49 50 71 92 113 134 135 136 137 116 117 118 119 140 141 142 141 140 119 118 117 116 95 74 73 72 71 50 49 48 47 46 45 44 23 2 1 



771. Najlepsza waga dla 1512179253, UBQWA dla paczek:
96 125 51 92 
to: (175) 
A najlepsza droga dla 1512179253, UBQWA to: 
2 23 44 45 46 47 48 49 50 51 52 53 74 95 116 117 118 119 140 141 142 143 144 145 124 125 124 145 144 143 142 141 140 119 118 117 96 95 94 93 92 71 50 49 48 47 46 45 44 23 2 1 



772. Najlepsza waga dla 1512180471, TCWTQ dla paczek:
94 166 116 21 
to: (189) 
A najlepsza droga dla 1512180471, TCWTQ to: 
2 23 44 45 46 47 48 49 50 71 92 93 94 95 116 117 118 119 140 141 142 163 164 165 166 167 146 125 104 83 84 63 42 21 42 41 40 39 38 37 36 35 34 33 32 11 10 9 8 7 6 5 4 3 2 1 



773. Najlepsza waga dla 1512181051, TAERF dla paczek:
156 79 169 
to: (180) 
A najlepsza droga dla 1512181051, TAERF to: 
2 3 4 5 6 7 8 9 10 11 32 33 34 35 36 37 58 79 78 99 98 119 118 117 116 115 136 135 156 177 176 175 196 195 194 193 172 171 170 169 170 149 128 127 106 85 64 65 44 23 2 1 



774. Najlepsza waga dla 1512182220, VSMOF dla paczek:
134 113 24 25 
to: (79) 
A najlepsza droga dla 1512182220, VSMOF to: 
2 23 44 45 46 47 48 49 50 71 92 113 134 113 92 71 50 49 48 47 26 25 24 23 2 1 



775. Najlepsza waga dla 1512183672, WVZMB dla paczek:
59 69 29 
to: (140) 
A najlepsza droga dla 1512183672, WVZMB to: 
2 3 4 5 6 7 8 9 10 11 32 33 34 35 36 37 58 59 58 37 36 35 34 33 32 11 10 9 30 29 50 49 48 69 68 67 46 45 44 23 2 1 



776. Najlepsza waga dla 1512183706, UDHAJ dla paczek:
75 102 44 
to: (146) 
A najlepsza droga dla 1512183706, UDHAJ to: 
2 23 44 45 46 47 48 49 50 71 72 73 74 75 76 77 98 99 100 101 102 101 100 99 98 119 118 117 116 95 74 73 72 71 50 49 48 47 46 45 44 23 2 1 



777. Najlepsza waga dla 1512184174, SSWCM dla paczek:
38 14 66 
to: (138) 
A najlepsza droga dla 1512184174, SSWCM to: 
2 3 4 5 6 7 8 9 10 11 32 33 34 35 36 37 38 37 36 35 14 35 34 33 32 11 10 9 30 29 50 49 48 47 46 67 66 45 44 23 2 1 



778. Najlepsza waga dla 1512184780, ZCIVT dla paczek:
81 145 56 
to: (171) 
A najlepsza droga dla 1512184780, ZCIVT to: 
2 23 44 45 46 47 48 49 50 71 92 93 94 95 116 117 118 119 140 141 142 163 164 165 144 145 124 103 82 81 102 101 100 99 98 77 56 77 76 75 74 73 72 71 50 49 48 47 46 45 44 23 2 1 



779. Najlepsza waga dla 1512185816, UDHAJ dla paczek:
156 156 113 
to: (96) 
A najlepsza droga dla 1512185816, UDHAJ to: 
2 23 44 45 46 47 48 49 50 71 92 113 134 155 156 155 134 113 92 71 50 49 48 47 46 45 44 23 2 1 



780. Najlepsza waga dla 1512186632, NRSAD dla paczek:
139 64 
to: (110) 
A najlepsza droga dla 1512186632, NRSAD to: 
2 23 44 45 46 47 48 49 50 71 92 93 94 95 116 117 138 139 138 117 116 95 74 73 72 71 50 49 48 47 46 67 66 65 64 65 44 23 2 1 



781. Najlepsza waga dla 1512187100, MWTUS dla paczek:
85 99 
to: (136) 
A najlepsza droga dla 1512187100, MWTUS to: 
2 23 44 65 64 85 64 65 66 67 46 47 48 49 50 71 92 93 94 95 116 117 118 119 98 99 98 119 118 117 116 95 74 73 72 71 50 49 48 47 46 45 44 23 2 1 



782. Najlepsza waga dla 1512187127, LVNEF dla paczek:
114 132 
to: (88) 
A najlepsza droga dla 1512187127, LVNEF to: 
2 23 44 45 46 47 48 49 50 71 92 113 114 113 134 133 132 133 134 113 92 71 50 49 48 47 46 45 44 23 2 1 



783. Najlepsza waga dla 1512188358, ZCIVT dla paczek:
98 
to: (116) 
A najlepsza droga dla 1512188358, ZCIVT to: 
2 23 44 45 46 47 48 49 50 71 92 93 94 95 116 117 118 119 98 119 118 117 116 95 94 93 92 71 50 49 48 47 46 45 44 23 2 1 



784. Najlepsza waga dla 1512189588, UDHAJ dla paczek:
93 56 
to: (112) 
A najlepsza droga dla 1512189588, UDHAJ to: 
2 23 44 45 46 47 48 49 50 71 92 93 94 95 74 75 76 77 56 77 76 75 74 73 72 71 50 49 48 47 46 45 44 23 2 1 



785. Najlepsza waga dla 1512190265, SUAXE dla paczek:
103 156 72 133 
to: (178) 
A najlepsza droga dla 1512190265, SUAXE to: 
2 23 44 45 46 47 48 49 50 71 72 73 74 95 116 117 118 119 98 99 100 101 102 103 102 101 100 99 98 119 118 117 116 115 136 135 156 155 134 133 134 113 92 71 50 49 48 47 46 45 44 23 2 1 



786. Najlepsza waga dla 1512190266, TCWTQ dla paczek:
91 147 
to: (166) 
A najlepsza droga dla 1512190266, TCWTQ to: 
2 23 44 45 46 47 48 49 70 91 92 93 94 95 116 117 118 119 140 141 142 163 164 165 144 145 146 147 146 145 144 143 142 141 140 119 118 117 116 95 74 73 72 71 50 49 48 47 46 45 44 23 2 1 



787. Najlepsza waga dla 1512191583, PRUFP dla paczek:
119 
to: (100) 
A najlepsza droga dla 1512191583, PRUFP to: 
2 23 44 45 46 47 48 49 50 71 92 93 94 95 116 117 118 119 118 117 116 95 94 93 92 71 50 49 48 47 46 45 44 23 2 1 



788. Najlepsza waga dla 1512191707, ZBQTG dla paczek:
157 135 130 57 
to: (160) 
A najlepsza droga dla 1512191707, ZBQTG to: 
2 23 44 45 66 87 108 109 130 131 132 133 134 135 136 157 136 115 116 95 74 53 32 33 34 35 36 57 36 35 34 33 32 11 10 9 8 7 6 5 4 3 2 1 



789. Najlepsza waga dla 1512192662, CDLPG dla paczek:
40 124 
to: (168) 
A najlepsza droga dla 1512192662, CDLPG to: 
2 3 4 5 6 7 8 9 10 11 32 33 34 35 36 37 38 39 40 61 82 103 124 145 144 143 142 141 140 119 118 117 116 95 94 93 92 71 50 49 48 47 46 45 44 23 2 1 



790. Najlepsza waga dla 1512192897, CIWOU dla paczek:
25 33 165 
to: (154) 
A najlepsza droga dla 1512192897, CIWOU to: 
2 3 4 25 26 47 48 49 50 71 72 73 74 95 116 117 118 119 140 141 142 163 164 165 164 163 142 121 100 99 78 57 36 35 34 33 32 11 10 9 8 7 6 5 4 3 2 1 



791. Najlepsza waga dla 1512193870, PVGYH dla paczek:
92 26 81 129 
to: (177) 
A najlepsza droga dla 1512193870, PVGYH to: 
2 23 44 45 46 47 26 47 48 49 50 71 92 93 94 95 116 117 118 119 98 99 100 101 102 81 102 101 100 99 98 119 118 117 116 115 114 113 134 133 132 131 130 129 108 87 66 45 44 23 2 1 



792. Najlepsza waga dla 1512195220, LGXFM dla paczek:
113 155 149 139 
to: (138) 
A najlepsza droga dla 1512195220, LGXFM to: 
2 23 44 65 64 85 106 127 128 149 150 151 152 153 154 155 134 113 114 115 116 117 138 139 138 117 116 95 74 73 72 71 50 49 48 47 46 45 44 23 2 1 



793. Najlepsza waga dla 1512195369, YVXRN dla paczek:
33 65 
to: (97) 
A najlepsza droga dla 1512195369, YVXRN to: 
2 3 4 5 6 7 8 9 10 11 32 33 32 11 10 9 30 29 50 49 48 47 46 67 66 65 44 23 2 1 



794. Najlepsza waga dla 1512195681, PKVIU dla paczek:
108 118 33 
to: (127) 
A najlepsza droga dla 1512195681, PKVIU to: 
2 23 44 45 66 87 108 109 110 111 112 113 114 115 116 117 118 117 116 95 74 53 32 33 32 11 10 9 8 7 6 5 4 3 2 1 



795. Najlepsza waga dla 1512196521, LRULC dla paczek:
150 21 121 16 
to: (215) 
A najlepsza droga dla 1512196521, LRULC to: 
2 23 44 45 66 87 108 129 150 151 152 153 132 133 134 113 114 115 116 117 118 119 140 141 142 121 100 101 102 81 82 83 84 63 42 21 20 19 18 17 16 15 36 35 34 33 32 11 10 9 8 7 6 5 4 3 2 1 



796. Najlepsza waga dla 1512197863, HFCQS dla paczek:
34 15 79 111 
to: (143) 
A najlepsza droga dla 1512197863, HFCQS to: 
2 3 4 5 6 7 8 9 10 11 32 33 34 35 36 15 36 37 58 79 58 37 36 35 34 33 32 53 74 95 94 93 92 91 112 111 90 69 68 67 46 45 44 23 2 1 



797. Najlepsza waga dla 1512198061, VGBPD dla paczek:
137 92 164 81 
to: (176) 
A najlepsza droga dla 1512198061, VGBPD to: 
2 23 44 45 46 47 48 49 50 71 92 113 134 135 136 137 138 139 160 161 162 163 164 165 144 123 102 81 80 79 58 37 36 35 34 33 32 11 10 9 8 7 6 5 4 3 2 1 



798. Najlepsza waga dla 1512199419, LOPDR dla paczek:
48 41 104 
to: (171) 
A najlepsza droga dla 1512199419, LOPDR to: 
2 23 44 45 46 47 48 49 50 29 30 9 10 11 32 33 34 35 36 37 38 39 40 41 62 63 84 83 104 83 82 81 80 79 58 37 36 35 34 33 32 11 10 9 8 7 6 5 4 3 2 1 



799. Najlepsza waga dla 1512200509, MQPIZ dla paczek:
47 
to: (42) 
A najlepsza droga dla 1512200509, MQPIZ to: 
2 23 44 45 46 47 46 45 44 23 2 1 



800. Najlepsza waga dla 1512201437, RWJLG dla paczek:
82 
to: (150) 
A najlepsza droga dla 1512201437, RWJLG to: 
2 3 4 5 6 7 8 9 10 11 32 33 34 35 36 37 58 79 80 81 82 81 80 79 58 37 36 35 34 33 32 11 10 9 8 7 6 5 4 3 2 1 



801. Najlepsza waga dla 1512202206, OAQQJ dla paczek:
164 96 60 152 
to: (200) 
A najlepsza droga dla 1512202206, OAQQJ to: 
2 23 44 45 46 47 48 49 50 71 92 93 94 95 96 97 98 99 78 79 80 59 60 81 102 123 144 165 164 163 142 141 140 119 118 117 116 115 114 113 134 133 132 153 152 151 130 109 108 87 66 45 44 23 2 1 



802. Najlepsza waga dla 1512203538, CBJLY dla paczek:
57 
to: (108) 
A najlepsza droga dla 1512203538, CBJLY to: 
2 3 4 5 6 7 8 9 10 11 32 33 34 35 36 57 36 35 34 33 32 11 10 9 8 7 6 5 4 3 2 1 



