503. Najlepsza waga dla 1511971279, ZPJSB dla paczek:
155 
to: (82) 
A najlepsza droga dla 1511971279, ZPJSB to: 
2 23 44 45 46 47 48 49 50 71 92 113 134 155 134 113 92 71 50 49 48 47 46 45 44 23 2 1 



504. Najlepsza waga dla 1511971892, XUMBT dla paczek:
87 146 
to: (172) 
A najlepsza droga dla 1511971892, XUMBT to: 
2 23 44 45 66 87 88 89 110 111 112 113 114 115 116 117 118 119 140 141 142 163 164 165 144 145 146 145 144 143 142 141 140 119 118 117 116 95 74 73 72 71 50 49 48 47 46 45 44 23 2 1 



505. Najlepsza waga dla 1511972875, QYBSN dla paczek:
17 33 17 13 
to: (142) 
A najlepsza droga dla 1511972875, QYBSN to: 
2 3 4 5 6 7 8 9 10 11 32 33 34 35 36 15 16 17 16 15 36 35 34 13 34 33 32 11 10 9 8 7 6 5 4 3 2 1 



506. Najlepsza waga dla 1511974259, YFXGM dla paczek:
117 127 
to: (116) 
A najlepsza droga dla 1511974259, YFXGM to: 
2 23 44 45 46 47 48 49 50 71 92 93 94 95 116 117 116 115 114 113 134 133 132 131 130 129 128 127 106 85 64 65 44 23 2 1 



507. Najlepsza waga dla 1511975441, VBDNI dla paczek:
49 42 14 
to: (165) 
A najlepsza droga dla 1511975441, VBDNI to: 
2 23 44 45 46 47 48 49 50 29 30 9 10 11 32 33 34 35 36 37 38 39 40 41 42 41 40 39 38 37 36 35 14 35 34 33 32 11 10 9 8 7 6 5 4 3 2 1 



508. Najlepsza waga dla 1511976565, MHWIJ dla paczek:
86 
to: (46) 
A najlepsza droga dla 1511976565, MHWIJ to: 
2 23 44 65 86 65 44 23 2 1 



509. Najlepsza waga dla 1511976959, RWJLG dla paczek:
169 153 
to: (110) 
A najlepsza droga dla 1511976959, RWJLG to: 
2 23 44 65 64 85 106 127 128 149 170 169 170 149 150 151 152 153 152 151 130 109 108 87 66 45 44 23 2 1 



510. Najlepsza waga dla 1511977263, BEOOF dla paczek:
103 35 
to: (154) 
A najlepsza droga dla 1511977263, BEOOF to: 
2 23 44 45 46 47 48 49 50 71 92 93 94 95 116 117 118 119 98 99 100 101 102 103 82 81 80 79 58 37 36 35 34 33 32 11 10 9 8 7 6 5 4 3 2 1 



511. Najlepsza waga dla 1511978162, ADIST dla paczek:
102 77 
to: (146) 
A najlepsza droga dla 1511978162, ADIST to: 
2 23 44 45 46 47 48 49 50 71 92 93 94 95 116 117 118 119 98 99 100 101 102 101 100 99 98 77 76 75 74 73 72 71 50 49 48 47 46 45 44 23 2 1 



512. Najlepsza waga dla 1511978588, ZFNPS dla paczek:
20 124 91 
to: (188) 
A najlepsza droga dla 1511978588, ZFNPS to: 
2 3 4 5 6 7 8 9 10 11 32 33 34 35 36 15 16 17 18 19 20 21 42 63 84 83 104 125 124 145 144 143 142 141 140 119 118 117 116 95 94 93 92 91 70 49 48 47 46 45 44 23 2 1 



513. Najlepsza waga dla 1511979295, ZYBAD dla paczek:
50 138 65 157 
to: (124) 
A najlepsza droga dla 1511979295, ZYBAD to: 
2 23 44 45 46 47 48 49 50 71 92 93 94 95 116 117 138 117 116 115 136 157 136 135 134 113 92 71 50 49 48 47 46 67 66 65 44 23 2 1 



514. Najlepsza waga dla 1511980279, TMFHP dla paczek:
68 114 156 
to: (106) 
A najlepsza droga dla 1511980279, TMFHP to: 
2 23 44 45 46 67 68 69 48 49 50 71 92 113 114 135 156 155 134 113 92 71 50 49 48 47 46 45 44 23 2 1 



515. Najlepsza waga dla 1511981192, JONGY dla paczek:
59 121 
to: (148) 
A najlepsza droga dla 1511981192, JONGY to: 
2 3 4 5 6 7 8 9 10 11 32 33 34 35 36 37 58 59 80 101 100 121 142 141 140 119 118 117 116 95 74 73 72 71 50 49 48 47 46 45 44 23 2 1 



516. Najlepsza waga dla 1511981356, AEZQI dla paczek:
119 134 148 
to: (142) 
A najlepsza droga dla 1511981356, AEZQI to: 
2 23 44 45 46 47 48 49 50 71 92 93 94 95 116 117 118 119 118 117 116 115 114 113 134 133 132 131 130 129 128 127 148 127 106 85 64 65 44 23 2 1 



517. Najlepsza waga dla 1511982658, JONQF dla paczek:
27 42 32 154 
to: (200) 
A najlepsza droga dla 1511982658, JONQF to: 
2 23 44 45 46 47 26 27 48 49 50 71 92 113 134 155 154 155 134 113 92 93 94 95 74 53 32 33 34 35 36 37 38 39 40 41 42 41 40 39 38 37 36 35 34 33 32 11 10 9 8 7 6 5 4 3 2 1 



518. Najlepsza waga dla 1511984149, ZYBAD dla paczek:
151 
to: (76) 
A najlepsza droga dla 1511984149, ZYBAD to: 
2 23 44 45 66 87 108 109 130 151 130 109 108 87 66 45 44 23 2 1 



519. Najlepsza waga dla 1511985197, KBJAF dla paczek:
121 134 
to: (128) 
A najlepsza droga dla 1511985197, KBJAF to: 
2 23 44 45 46 47 48 49 50 71 92 93 94 95 116 117 118 119 140 141 142 121 142 141 140 119 118 117 116 115 114 113 134 113 92 71 50 49 48 47 46 45 44 23 2 1 



520. Najlepsza waga dla 1511986413, PRUFP dla paczek:
149 103 
to: (185) 
A najlepsza droga dla 1511986413, PRUFP to: 
2 23 44 65 64 85 106 127 128 149 150 151 152 153 132 133 134 113 114 115 116 117 118 119 98 99 100 101 102 103 102 101 100 99 98 119 118 117 116 95 74 73 72 71 50 49 48 47 46 45 44 23 2 1 



521. Najlepsza waga dla 1511987652, ZBQTG dla paczek:
165 158 125 70 
to: (187) 
A najlepsza droga dla 1511987652, ZBQTG to: 
2 23 44 45 46 47 48 49 50 71 92 93 94 95 116 117 118 119 140 141 142 163 164 165 144 145 124 125 124 145 144 165 164 163 162 161 182 181 202 201 200 179 158 157 136 135 134 113 92 91 70 49 48 47 46 45 44 23 2 1 



522. Najlepsza waga dla 1511988461, QEPWP dla paczek:
80 31 145 36 
to: (165) 
A najlepsza droga dla 1511988461, QEPWP to: 
2 23 44 45 46 47 48 49 50 29 30 31 32 33 34 35 36 37 58 79 80 81 82 103 124 145 144 143 142 141 140 119 118 117 116 95 74 73 72 71 50 49 48 47 46 45 44 23 2 1 



523. Najlepsza waga dla 1511989767, DDERH dla paczek:
112 35 105 81 
to: (173) 
A najlepsza droga dla 1511989767, DDERH to: 
2 23 44 45 46 47 48 49 70 91 112 113 114 115 116 117 118 119 98 99 100 101 102 81 82 83 104 105 104 83 82 81 80 79 58 37 36 35 34 33 32 11 10 9 8 7 6 5 4 3 2 1 



524. Najlepsza waga dla 1511990862, QQQFR dla paczek:
69 
to: (50) 
A najlepsza droga dla 1511990862, QQQFR to: 
2 23 44 45 46 67 68 69 68 67 46 45 44 23 2 1 



525. Najlepsza waga dla 1511991944, IEBZI dla paczek:
29 137 126 87 
to: (206) 
A najlepsza droga dla 1511991944, IEBZI to: 
2 23 44 45 46 47 48 49 50 29 50 71 92 93 94 95 116 117 118 119 140 141 142 143 144 145 124 125 126 125 124 145 144 165 164 163 162 161 160 139 138 137 136 135 134 133 132 131 110 89 88 87 66 45 44 23 2 1 



526. Najlepsza waga dla 1511992976, PJZZQ dla paczek:
101 61 
to: (157) 
A najlepsza droga dla 1511992976, PJZZQ to: 
2 23 44 45 46 47 48 49 50 71 92 93 94 95 116 117 118 119 98 99 100 101 102 81 82 61 40 39 38 37 36 35 34 33 32 11 10 9 8 7 6 5 4 3 2 1 



527. Najlepsza waga dla 1511993480, PGFIJ dla paczek:
22 19 91 42 
to: (173) 
A najlepsza droga dla 1511993480, PGFIJ to: 
22 23 44 45 46 47 48 49 70 91 92 93 94 95 74 53 32 33 34 35 36 15 16 17 18 19 20 21 42 41 40 39 38 37 36 35 34 33 32 11 10 9 8 7 6 5 4 3 2 1 



528. Najlepsza waga dla 1511993667, KHYZH dla paczek:
69 144 126 167 
to: (180) 
A najlepsza droga dla 1511993667, KHYZH to: 
2 23 44 45 46 67 68 69 48 49 50 71 92 93 94 95 116 117 118 119 140 141 142 163 164 165 144 145 124 125 126 125 146 167 146 145 144 143 142 141 140 119 118 117 116 95 74 73 72 71 50 49 48 47 46 45 44 23 2 1 



529. Najlepsza waga dla 1511994144, HJEVU dla paczek:
107 
to: (50) 
A najlepsza droga dla 1511994144, HJEVU to: 
2 23 44 65 64 85 106 107 86 65 44 23 2 1 



530. Najlepsza waga dla 1511994255, MWTUS dla paczek:
114 165 78 
to: (153) 
A najlepsza droga dla 1511994255, MWTUS to: 
2 23 44 45 46 47 48 49 50 71 92 113 114 115 116 117 118 119 140 141 142 163 164 165 164 163 142 121 100 99 78 57 36 35 34 33 32 11 10 9 8 7 6 5 4 3 2 1 



531. Najlepsza waga dla 1511994593, OCTTM dla paczek:
93 
to: (68) 
A najlepsza droga dla 1511994593, OCTTM to: 
2 23 44 45 46 47 48 49 50 71 92 93 92 71 50 49 48 47 46 45 44 23 2 1 



532. Najlepsza waga dla 1511996034, UUMQO dla paczek:
98 123 78 92 
to: (158) 
A najlepsza droga dla 1511996034, UUMQO to: 
2 3 4 5 6 7 8 9 10 11 32 33 34 35 36 57 78 99 100 101 102 123 102 101 100 99 98 119 118 117 116 95 94 93 92 71 50 49 48 47 46 45 44 23 2 1 



533. Najlepsza waga dla 1511996652, DTXTX dla paczek:
159 34 25 
to: (136) 
A najlepsza droga dla 1511996652, DTXTX to: 
2 3 4 5 6 7 8 9 10 11 32 33 34 33 32 53 74 95 116 117 138 159 138 117 116 95 74 73 72 71 50 49 48 47 26 25 4 3 2 1 



534. Najlepsza waga dla 1511997820, QEUNT dla paczek:
67 21 148 
to: (219) 
A najlepsza droga dla 1511997820, QEUNT to: 
2 3 4 5 6 7 8 9 10 11 32 33 34 35 36 37 38 39 40 41 42 21 42 41 40 39 38 37 36 35 34 33 32 11 10 9 30 29 50 49 48 47 46 67 66 65 64 85 106 127 148 127 106 85 64 65 44 23 2 1 



535. Najlepsza waga dla 1511998844, XZFAK dla paczek:
29 150 
to: (106) 
A najlepsza droga dla 1511998844, XZFAK to: 
2 23 44 45 46 47 48 49 50 29 50 71 92 113 134 133 132 153 152 151 150 129 108 87 66 45 44 23 2 1 



536. Najlepsza waga dla 1512000003, YCNVE dla paczek:
102 159 91 
to: (168) 
A najlepsza droga dla 1512000003, YCNVE to: 
2 23 44 45 46 47 48 49 50 71 92 93 94 95 116 117 118 119 98 99 100 101 102 101 100 99 98 119 118 117 138 159 138 117 116 95 94 93 92 91 70 49 48 47 46 45 44 23 2 1 



537. Najlepsza waga dla 1512000515, TGOSM dla paczek:
126 156 
to: (194) 
A najlepsza droga dla 1512000515, TGOSM to: 
2 23 44 45 46 47 48 49 50 71 92 93 94 95 116 117 118 119 140 141 142 163 164 165 144 145 124 125 126 125 124 145 144 143 142 141 140 119 118 117 116 115 136 135 156 155 134 113 92 71 50 49 48 47 46 45 44 23 2 1 



538. Najlepsza waga dla 1512000647, EGYLU dla paczek:
141 
to: (108) 
A najlepsza droga dla 1512000647, EGYLU to: 
2 23 44 45 46 47 48 49 50 71 92 93 94 95 116 117 118 119 140 141 140 119 118 117 116 95 74 73 72 71 50 49 48 47 46 45 44 23 2 1 



539. Najlepsza waga dla 1512000919, POPTF dla paczek:
25 28 
to: (59) 
A najlepsza droga dla 1512000919, POPTF to: 
2 3 4 25 26 27 28 29 50 49 48 47 46 45 44 23 2 1 



540. Najlepsza waga dla 1512001353, WMCDZ dla paczek:
83 21 166 
to: (189) 
A najlepsza droga dla 1512001353, WMCDZ to: 
2 3 4 5 6 7 8 9 10 11 32 33 34 35 36 37 38 39 40 41 42 21 42 63 84 83 104 125 146 167 166 165 164 163 142 141 140 119 118 117 116 95 94 93 92 71 50 49 48 47 46 45 44 23 2 1 



541. Najlepsza waga dla 1512002586, XUMBT dla paczek:
81 59 82 37 
to: (155) 
A najlepsza droga dla 1512002586, XUMBT to: 
2 3 4 5 6 7 8 9 10 11 32 33 34 35 36 37 58 79 80 81 82 81 80 59 58 37 36 35 34 33 32 11 10 9 8 7 6 5 4 3 2 1 



542. Najlepsza waga dla 1512003180, JONQF dla paczek:
161 112 135 
to: (121) 
A najlepsza droga dla 1512003180, JONQF to: 
2 23 44 45 46 47 48 49 50 71 92 93 94 95 116 117 138 139 160 161 160 139 138 117 116 115 136 135 134 113 112 91 70 49 48 47 46 45 44 23 2 1 



543. Najlepsza waga dla 1512003514, KLNCX dla paczek:
58 111 
to: (133) 
A najlepsza droga dla 1512003514, KLNCX to: 
2 3 4 5 6 7 8 9 10 11 32 33 34 35 36 37 58 37 36 35 34 33 32 53 74 95 94 93 92 91 112 111 90 69 68 67 46 45 44 23 2 1 



544. Najlepsza waga dla 1512003615, FARQP dla paczek:
124 
to: (154) 
A najlepsza droga dla 1512003615, FARQP to: 
2 23 44 45 46 47 48 49 50 71 92 93 94 95 116 117 118 119 140 141 142 163 164 165 144 145 124 145 144 143 142 141 140 119 118 117 116 95 94 93 92 71 50 49 48 47 46 45 44 23 2 1 



545. Najlepsza waga dla 1512004205, TIOZO dla paczek:
139 101 34 
to: (139) 
A najlepsza droga dla 1512004205, TIOZO to: 
2 23 44 45 46 47 48 49 50 71 92 93 94 95 116 117 138 139 140 119 98 99 100 101 100 99 78 57 36 35 34 33 32 11 10 9 8 7 6 5 4 3 2 1 



546. Najlepsza waga dla 1512004369, XIVMV dla paczek:
84 124 59 
to: (175) 
A najlepsza droga dla 1512004369, XIVMV to: 
2 23 44 45 46 47 48 49 50 71 92 93 94 95 116 117 118 119 140 141 142 163 164 165 144 145 124 125 104 83 84 63 62 61 60 59 58 37 36 35 34 33 32 11 10 9 8 7 6 5 4 3 2 1 



547. Najlepsza waga dla 1512005123, UQIKA dla paczek:
150 81 164 
to: (195) 
A najlepsza droga dla 1512005123, UQIKA to: 
2 23 44 45 66 87 108 129 150 151 152 153 132 133 134 113 114 115 116 117 118 119 140 141 142 163 164 165 144 123 102 81 80 79 58 37 36 35 34 33 32 11 10 9 8 7 6 5 4 3 2 1 



548. Najlepsza waga dla 1512005886, STVXL dla paczek:
117 134 
to: (94) 
A najlepsza droga dla 1512005886, STVXL to: 
2 23 44 45 46 47 48 49 50 71 92 93 94 95 116 117 116 115 114 113 134 113 92 71 50 49 48 47 46 45 44 23 2 1 



549. Najlepsza waga dla 1512007022, ADKVV dla paczek:
52 
to: (76) 
A najlepsza droga dla 1512007022, ADKVV to: 
2 23 44 45 46 47 48 49 50 51 52 51 50 49 48 47 46 45 44 23 2 1 



550. Najlepsza waga dla 1512007830, ZKFVA dla paczek:
121 50 70 
to: (126) 
A najlepsza droga dla 1512007830, ZKFVA to: 
2 23 44 45 46 47 48 49 50 71 92 93 94 95 116 117 118 119 140 141 142 121 142 141 140 119 118 117 116 95 94 93 92 91 70 49 48 47 46 45 44 23 2 1 



551. Najlepsza waga dla 1512008783, GHSGJ dla paczek:
13 
to: (102) 
A najlepsza droga dla 1512008783, GHSGJ to: 
2 3 4 5 6 7 8 9 10 11 12 13 12 11 10 9 8 7 6 5 4 3 2 1 



552. Najlepsza waga dla 1512009881, ZKFVA dla paczek:
41 104 92 
to: (172) 
A najlepsza droga dla 1512009881, ZKFVA to: 
2 3 4 5 6 7 8 9 10 11 32 33 34 35 36 37 38 39 40 41 62 63 84 83 104 83 82 81 102 101 100 99 98 119 118 117 116 95 94 93 92 71 50 49 48 47 46 45 44 23 2 1 



553. Najlepsza waga dla 1512010508, DJLJT dla paczek:
22 37 46 
to: (116) 
A najlepsza droga dla 1512010508, DJLJT to: 
22 23 44 45 46 47 48 49 50 29 30 9 10 11 32 33 34 35 36 37 36 35 34 33 32 11 10 9 8 7 6 5 4 3 2 1 



554. Najlepsza waga dla 1512010539, UDHAJ dla paczek:
160 
to: (100) 
A najlepsza droga dla 1512010539, UDHAJ to: 
2 23 44 45 46 47 48 49 50 71 92 93 94 95 116 117 138 139 160 139 138 117 116 95 94 93 92 71 50 49 48 47 46 45 44 23 2 1 



555. Najlepsza waga dla 1512011967, ADIST dla paczek:
90 
to: (64) 
A najlepsza droga dla 1512011967, ADIST to: 
2 23 44 45 46 67 68 69 90 69 68 67 46 45 44 23 2 1 



556. Najlepsza waga dla 1512013434, YZQEI dla paczek:
110 85 
to: (75) 
A najlepsza droga dla 1512013434, YZQEI to: 
2 23 44 45 46 67 68 89 110 109 108 107 106 85 64 65 44 23 2 1 



557. Najlepsza waga dla 1512014793, TAERF dla paczek:
77 
to: (106) 
A najlepsza droga dla 1512014793, TAERF to: 
2 23 44 45 46 47 48 49 50 71 72 73 74 75 76 77 76 75 74 73 72 71 50 49 48 47 46 45 44 23 2 1 



558. Najlepsza waga dla 1512014906, JDCDX dla paczek:
92 109 148 99 
to: (171) 
A najlepsza droga dla 1512014906, JDCDX to: 
2 23 44 45 46 47 48 49 50 71 92 93 94 95 116 117 118 119 98 99 98 119 118 117 116 115 114 113 134 133 132 131 130 129 128 127 148 127 128 129 108 109 108 87 66 45 44 23 2 1 



559. Najlepsza waga dla 1512015709, PFKOO dla paczek:
79 118 94 123 
to: (159) 
A najlepsza droga dla 1512015709, PFKOO to: 
2 3 4 5 6 7 8 9 10 11 32 33 34 35 36 37 58 79 100 101 102 123 102 101 100 99 98 119 118 117 116 95 94 93 92 71 50 49 48 47 46 45 44 23 2 1 



560. Najlepsza waga dla 1512016587, YZQEI dla paczek:
116 68 
to: (93) 
A najlepsza droga dla 1512016587, YZQEI to: 
2 23 44 45 46 47 48 49 50 71 92 93 94 95 116 95 94 93 92 71 50 49 48 69 68 67 46 45 44 23 2 1 



561. Najlepsza waga dla 1512016809, RWJLG dla paczek:
26 83 27 
to: (160) 
A najlepsza droga dla 1512016809, RWJLG to: 
2 23 44 45 46 47 26 27 48 49 50 29 30 9 10 11 32 33 34 35 36 37 58 79 80 81 82 83 82 81 80 79 58 37 36 35 34 33 32 11 10 9 8 7 6 5 4 3 2 1 



562. Najlepsza waga dla 1512017890, UEPZT dla paczek:
87 
to: (46) 
A najlepsza droga dla 1512017890, UEPZT to: 
2 23 44 45 66 87 66 45 44 23 2 1 



563. Najlepsza waga dla 1512018189, KCIIW dla paczek:
139 39 114 
to: (152) 
A najlepsza droga dla 1512018189, KCIIW to: 
2 3 4 5 6 7 8 9 10 11 32 33 34 35 36 37 38 39 38 37 58 79 78 99 98 119 140 139 138 117 116 115 114 113 92 71 50 49 48 47 46 45 44 23 2 1 



564. Najlepsza waga dla 1512019407, UEPZT dla paczek:
28 
to: (58) 
A najlepsza droga dla 1512019407, UEPZT to: 
2 23 44 45 46 47 26 27 28 29 50 49 48 47 46 45 44 23 2 1 



565. Najlepsza waga dla 1512020709, LRHNY dla paczek:
123 69 145 124 
to: (167) 
A najlepsza droga dla 1512020709, LRHNY to: 
2 23 44 45 46 47 48 49 50 71 92 93 94 95 116 117 118 119 98 99 100 101 102 123 124 145 144 143 142 141 140 119 118 117 116 95 74 73 72 71 50 49 48 69 68 67 46 45 44 23 2 1 



566. Najlepsza waga dla 1512022159, HJEVU dla paczek:
109 65 109 
to: (60) 
A najlepsza droga dla 1512022159, HJEVU to: 
2 23 44 45 66 87 108 109 108 107 86 65 44 23 2 1 



567. Najlepsza waga dla 1512022658, DTXTX dla paczek:
50 101 56 
to: (134) 
A najlepsza droga dla 1512022658, DTXTX to: 
2 23 44 45 46 47 48 49 50 71 92 93 94 95 116 117 118 119 98 99 100 101 100 99 98 77 56 77 76 75 74 73 72 71 50 49 48 47 46 45 44 23 2 1 



568. Najlepsza waga dla 1512023345, STVXL dla paczek:
28 126 
to: (180) 
A najlepsza droga dla 1512023345, STVXL to: 
2 23 44 45 46 47 26 27 28 29 50 71 72 73 74 95 116 117 118 119 140 141 142 163 164 165 144 145 124 125 126 125 124 145 144 143 142 141 140 119 118 117 116 95 94 93 92 71 50 49 48 47 46 45 44 23 2 1 



569. Najlepsza waga dla 1512024590, YFXGM dla paczek:
122 117 
to: (142) 
A najlepsza droga dla 1512024590, YFXGM to: 
2 23 44 45 46 47 48 49 50 71 92 93 94 95 116 117 118 119 140 141 142 121 122 121 142 141 140 119 118 117 116 95 94 93 92 71 50 49 48 47 46 45 44 23 2 1 



570. Najlepsza waga dla 1512024954, QOFYZ dla paczek:
136 83 153 
to: (183) 
A najlepsza droga dla 1512024954, QOFYZ to: 
2 3 4 5 6 7 8 9 10 11 32 33 34 35 36 37 58 79 80 81 82 83 82 81 102 101 100 99 98 119 118 117 116 115 136 135 134 133 132 153 152 151 130 109 108 87 66 45 44 23 2 1 



571. Najlepsza waga dla 1512026246, TGOSM dla paczek:
135 127 101 56 
to: (164) 
A najlepsza droga dla 1512026246, TGOSM to: 
2 23 44 65 64 85 106 127 128 129 130 151 152 153 132 133 134 135 136 115 116 117 118 119 98 99 100 101 100 99 98 77 56 77 76 75 74 73 72 71 50 49 48 47 46 45 44 23 2 1 



572. Najlepsza waga dla 1512026525, ZFNPS dla paczek:
37 48 132 80 
to: (149) 
A najlepsza droga dla 1512026525, ZFNPS to: 
2 3 4 5 6 7 8 9 10 11 32 33 34 35 36 37 58 79 80 79 78 99 98 119 118 117 116 115 114 113 134 133 132 133 134 113 92 71 50 49 48 47 46 45 44 23 2 1 



573. Najlepsza waga dla 1512026758, PKVIU dla paczek:
84 142 99 110 
to: (188) 
A najlepsza droga dla 1512026758, PKVIU to: 
2 23 44 45 46 47 48 49 50 71 92 93 94 95 116 117 118 119 140 141 142 121 100 101 102 81 82 83 84 83 82 81 102 101 100 99 98 119 118 117 116 115 114 113 112 111 110 89 68 67 46 45 44 23 2 1 



574. Najlepsza waga dla 1512027894, ZCIVT dla paczek:
35 153 
to: (134) 
A najlepsza droga dla 1512027894, ZCIVT to: 
2 3 4 5 6 7 8 9 10 11 32 33 34 35 34 33 32 53 74 95 94 93 92 113 134 133 132 153 152 151 130 109 108 87 66 45 44 23 2 1 



575. Najlepsza waga dla 1512028090, XNUPP dla paczek:
114 145 46 15 
to: (167) 
A najlepsza droga dla 1512028090, XNUPP to: 
2 23 44 45 46 47 48 49 50 71 92 113 114 115 116 117 118 119 140 141 142 163 164 165 144 145 144 143 122 101 100 99 78 57 36 15 36 35 34 33 32 11 10 9 8 7 6 5 4 3 2 1 



576. Najlepsza waga dla 1512029208, LWSSZ dla paczek:
46 
to: (38) 
A najlepsza droga dla 1512029208, LWSSZ to: 
2 23 44 45 46 45 44 23 2 1 



577. Najlepsza waga dla 1512029333, IEBZI dla paczek:
96 114 
to: (94) 
A najlepsza droga dla 1512029333, IEBZI to: 
2 23 44 45 46 47 48 49 50 71 92 93 94 95 96 95 116 115 114 113 92 71 50 49 48 47 46 45 44 23 2 1 



578. Najlepsza waga dla 1512030067, TCWTQ dla paczek:
144 59 70 
to: (168) 
A najlepsza droga dla 1512030067, TCWTQ to: 
2 3 4 5 6 7 8 9 10 11 32 33 34 35 36 37 58 59 80 101 122 143 144 143 142 141 140 119 118 117 116 95 94 93 92 91 70 49 48 47 46 45 44 23 2 1 



579. Najlepsza waga dla 1512031510, VXUFJ dla paczek:
49 26 
to: (50) 
A najlepsza droga dla 1512031510, VXUFJ to: 
2 23 44 45 46 47 48 49 48 47 26 47 46 45 44 23 2 1 



580. Najlepsza waga dla 1512031783, PXCFO dla paczek:
101 74 146 112 
to: (168) 
A najlepsza droga dla 1512031783, PXCFO to: 
2 23 44 45 46 47 48 49 50 71 72 73 74 95 116 117 118 119 98 99 100 101 122 143 144 145 146 145 144 143 142 141 140 119 118 117 116 115 114 113 112 91 70 49 48 47 46 45 44 23 2 1 



581. Najlepsza waga dla 1512032551, EGOHO dla paczek:
63 159 
to: (184) 
A najlepsza droga dla 1512032551, EGOHO to: 
2 3 4 5 6 7 8 9 10 11 32 33 34 35 36 37 38 39 40 61 62 63 84 83 82 81 102 101 100 99 98 119 118 117 138 159 138 117 116 95 74 73 72 71 50 49 48 47 46 45 44 23 2 1 



582. Najlepsza waga dla 1512032962, ZFNPS dla paczek:
162 41 144 
to: (180) 
A najlepsza droga dla 1512032962, ZFNPS to: 
2 23 44 45 46 47 48 49 50 71 92 93 94 95 116 117 138 139 160 161 162 163 164 165 144 145 124 125 104 83 84 63 62 41 40 39 38 37 36 35 34 33 32 11 10 9 8 7 6 5 4 3 2 1 



583. Najlepsza waga dla 1512033917, VLCUD dla paczek:
124 157 106 55 
to: (208) 
A najlepsza droga dla 1512033917, VLCUD to: 
2 23 44 65 64 85 106 107 108 109 130 151 152 153 132 133 134 135 136 157 136 115 116 117 118 119 140 141 142 163 164 165 144 145 124 103 102 101 100 99 98 77 56 55 54 53 32 11 10 9 8 7 6 5 4 3 2 1 



584. Najlepsza waga dla 1512034071, FPVNJ dla paczek:
135 22 87 158 
to: (128) 
A najlepsza droga dla 1512034071, FPVNJ to: 
2 23 44 45 46 47 48 49 50 71 92 113 134 135 136 157 158 157 136 135 134 133 132 131 110 89 88 87 66 45 44 23 22 1 



585. Najlepsza waga dla 1512034268, ATMVF dla paczek:
51 115 
to: (92) 
A najlepsza droga dla 1512034268, ATMVF to: 
2 23 44 45 46 47 48 49 50 51 50 71 92 93 94 115 94 93 92 71 50 49 48 47 46 45 44 23 2 1 



586. Najlepsza waga dla 1512034728, ALQWY dla paczek:
43 58 
to: (127) 
A najlepsza droga dla 1512034728, ALQWY to: 
22 43 44 45 46 47 48 49 50 29 30 9 10 11 32 33 34 35 36 37 58 37 36 35 34 33 32 11 10 9 8 7 6 5 4 3 2 1 



587. Najlepsza waga dla 1512035720, QQQFR dla paczek:
17 111 76 83 
to: (187) 
A najlepsza droga dla 1512035720, QQQFR to: 
2 3 4 5 6 7 8 9 10 11 32 33 34 35 36 15 16 17 38 39 40 61 62 63 84 83 82 81 102 101 100 99 98 77 76 75 74 95 94 93 92 91 112 111 90 69 68 67 46 45 44 23 2 1 



588. Najlepsza waga dla 1512037033, XVSFV dla paczek:
147 
to: (164) 
A najlepsza droga dla 1512037033, XVSFV to: 
2 23 44 45 46 47 48 49 50 71 92 93 94 95 116 117 118 119 140 141 142 163 164 165 144 145 146 147 146 145 144 143 142 141 140 119 118 117 116 95 74 73 72 71 50 49 48 47 46 45 44 23 2 1 



589. Najlepsza waga dla 1512038510, SHBNP dla paczek:
143 158 
to: (164) 
A najlepsza droga dla 1512038510, SHBNP to: 
2 23 44 45 46 47 48 49 50 71 92 93 94 95 116 117 118 119 140 141 142 143 142 141 162 161 182 181 202 201 200 179 158 157 136 135 134 113 92 71 50 49 48 47 46 45 44 23 2 1 



590. Najlepsza waga dla 1512039143, IVLOL dla paczek:
79 161 54 
to: (145) 
A najlepsza droga dla 1512039143, IVLOL to: 
2 23 44 45 46 47 48 49 50 71 92 93 94 95 116 117 138 139 160 161 140 119 98 99 78 79 58 37 36 35 34 33 54 53 32 11 10 9 8 7 6 5 4 3 2 1 



591. Najlepsza waga dla 1512039566, BDVWM dla paczek:
112 
to: (72) 
A najlepsza droga dla 1512039566, BDVWM to: 
2 23 44 45 46 47 48 49 70 91 112 91 70 49 48 47 46 45 44 23 2 1 



592. Najlepsza waga dla 1512040454, FPVNJ dla paczek:
127 127 95 
to: (114) 
A najlepsza droga dla 1512040454, FPVNJ to: 
2 23 44 65 64 85 106 127 128 129 130 151 152 153 132 133 134 113 92 93 94 95 74 73 72 71 50 49 48 47 46 45 44 23 2 1 



593. Najlepsza waga dla 1512041611, CBJLY dla paczek:
93 81 
to: (150) 
A najlepsza droga dla 1512041611, CBJLY to: 
2 23 44 45 46 47 48 49 50 71 92 93 94 95 116 117 118 119 98 99 100 101 102 81 80 79 58 37 36 35 34 33 32 11 10 9 8 7 6 5 4 3 2 1 



594. Najlepsza waga dla 1512041966, NSSBS dla paczek:
90 104 
to: (171) 
A najlepsza droga dla 1512041966, NSSBS to: 
2 23 44 45 46 67 68 69 90 91 92 93 94 95 116 117 118 119 98 99 100 101 102 81 82 83 104 83 82 81 80 79 58 37 36 35 34 33 32 11 10 9 8 7 6 5 4 3 2 1 



595. Najlepsza waga dla 1512042019, WUVTI dla paczek:
133 
to: (80) 
A najlepsza droga dla 1512042019, WUVTI to: 
2 23 44 45 46 47 48 49 50 71 92 113 134 133 134 113 92 71 50 49 48 47 46 45 44 23 2 1 



596. Najlepsza waga dla 1512043323, GBKMO dla paczek:
50 
to: (50) 
A najlepsza droga dla 1512043323, GBKMO to: 
2 23 44 45 46 47 48 49 50 49 48 47 46 45 44 23 2 1 



597. Najlepsza waga dla 1512043803, XIVMV dla paczek:
58 21 102 
to: (177) 
A najlepsza droga dla 1512043803, XIVMV to: 
2 3 4 5 6 7 8 9 10 11 32 33 34 35 36 37 58 37 38 39 40 41 42 21 42 63 84 83 82 81 102 101 100 99 98 119 118 117 116 95 74 73 72 71 50 49 48 47 46 45 44 23 2 1 



598. Najlepsza waga dla 1512045087, GBKMO dla paczek:
83 118 
to: (158) 
A najlepsza droga dla 1512045087, GBKMO to: 
2 3 4 5 6 7 8 9 10 11 32 33 34 35 36 37 58 79 80 81 82 83 82 81 102 101 100 99 98 119 118 117 116 95 94 93 92 71 50 49 48 47 46 45 44 23 2 1 



599. Najlepsza waga dla 1512045187, VBVCM dla paczek:
113 13 
to: (117) 
A najlepsza droga dla 1512045187, VBVCM to: 
2 23 44 45 46 47 48 49 50 71 92 113 92 93 94 95 74 53 32 33 34 13 12 11 10 9 8 7 6 5 4 3 2 1 



600. Najlepsza waga dla 1512046318, YZQEI dla paczek:
119 36 
to: (122) 
A najlepsza droga dla 1512046318, YZQEI to: 
2 23 44 45 46 47 48 49 50 71 92 93 94 95 116 117 118 119 98 99 78 57 36 35 34 33 32 11 10 9 8 7 6 5 4 3 2 1 



601. Najlepsza waga dla 1512047096, QEVGR dla paczek:
37 
to: (114) 
A najlepsza droga dla 1512047096, QEVGR to: 
2 3 4 5 6 7 8 9 10 11 32 33 34 35 36 37 36 35 34 33 32 11 10 9 8 7 6 5 4 3 2 1 



602. Najlepsza waga dla 1512047626, HFCQS dla paczek:
59 28 27 
to: (139) 
A najlepsza droga dla 1512047626, HFCQS to: 
2 3 4 5 6 7 8 9 10 11 32 33 34 35 36 37 58 59 58 37 36 35 34 33 32 11 10 9 30 29 28 27 26 47 46 45 44 23 2 1 



