302. Najlepsza waga dla 1511827693, QHNEK dla paczek:
130 
to: (70) 
A najlepsza droga dla 1511827693, QHNEK to: 
2 23 44 45 66 87 108 109 130 109 108 87 66 45 44 23 2 1 



303. Najlepsza waga dla 1511828148, CBJLY dla paczek:
109 145 128 
to: (183) 
A najlepsza droga dla 1511828148, CBJLY to: 
2 23 44 45 66 87 108 109 108 129 128 129 130 151 152 153 132 133 134 113 114 115 116 117 118 119 140 141 142 143 144 145 144 143 142 141 140 119 118 117 116 95 74 73 72 71 50 49 48 47 46 45 44 23 2 1 



304. Najlepsza waga dla 1511829580, FVQCJ dla paczek:
127 157 119 
to: (144) 
A najlepsza droga dla 1511829580, FVQCJ to: 
2 23 44 65 64 85 106 127 128 129 130 151 152 153 132 133 134 135 136 157 136 115 116 117 118 119 118 117 116 95 94 93 92 71 50 49 48 47 46 45 44 23 2 1 



305. Najlepsza waga dla 1511829673, RYVQB dla paczek:
143 30 65 18 
to: (191) 
A najlepsza droga dla 1511829673, RYVQB to: 
2 23 44 45 46 47 48 49 50 71 92 93 94 95 116 117 118 119 140 141 142 143 122 101 80 59 38 39 18 17 16 15 36 35 34 33 32 11 10 9 30 29 50 49 48 47 46 67 66 65 44 23 2 1 



306. Najlepsza waga dla 1511829765, JDCDX dla paczek:
86 57 
to: (131) 
A najlepsza droga dla 1511829765, JDCDX to: 
2 23 44 65 86 65 66 67 46 47 48 49 50 29 30 9 10 11 32 33 34 35 36 57 36 35 34 33 32 11 10 9 8 7 6 5 4 3 2 1 



307. Najlepsza waga dla 1511830737, POPTF dla paczek:
44 
to: (22) 
A najlepsza droga dla 1511830737, POPTF to: 
2 23 44 23 2 1 



308. Najlepsza waga dla 1511832176, RCSOO dla paczek:
23 133 143 
to: (148) 
A najlepsza droga dla 1511832176, RCSOO to: 
2 23 44 45 46 47 48 49 50 71 92 113 134 133 134 113 114 115 116 117 118 119 140 141 142 143 142 141 140 119 118 117 116 95 74 73 72 71 50 49 48 47 46 45 44 23 2 1 



309. Najlepsza waga dla 1511832489, CFJNU dla paczek:
104 
to: (158) 
A najlepsza droga dla 1511832489, CFJNU to: 
2 3 4 5 6 7 8 9 10 11 32 33 34 35 36 37 58 79 80 81 82 83 104 83 82 81 80 79 58 37 36 35 34 33 32 11 10 9 8 7 6 5 4 3 2 1 



310. Najlepsza waga dla 1511832578, OAQQJ dla paczek:
153 153 
to: (90) 
A najlepsza droga dla 1511832578, OAQQJ to: 
2 23 44 45 66 87 108 109 130 151 152 153 152 151 130 109 108 87 66 45 44 23 2 1 



311. Najlepsza waga dla 1511833212, ZCIVT dla paczek:
136 50 155 
to: (94) 
A najlepsza droga dla 1511833212, ZCIVT to: 
2 23 44 45 46 47 48 49 50 71 92 113 134 135 136 135 134 155 134 113 92 71 50 49 48 47 46 45 44 23 2 1 



312. Najlepsza waga dla 1511833596, ODGDG dla paczek:
27 147 
to: (167) 
A najlepsza droga dla 1511833596, ODGDG to: 
2 23 44 45 46 47 26 27 48 49 50 71 92 93 94 95 116 117 118 119 140 141 142 143 144 145 146 147 146 145 144 143 142 141 140 119 118 117 116 95 74 73 72 71 50 49 48 47 46 45 44 23 2 1 



313. Najlepsza waga dla 1511833678, HHHWI dla paczek:
167 107 71 
to: (176) 
A najlepsza droga dla 1511833678, HHHWI to: 
2 23 44 65 64 85 106 107 108 109 110 111 112 113 114 115 116 117 118 119 140 141 142 163 164 165 144 145 146 167 146 145 144 143 142 141 140 119 118 117 116 95 74 73 72 71 50 49 48 47 46 45 44 23 2 1 



314. Najlepsza waga dla 1511834878, HYKKU dla paczek:
118 150 125 132 
to: (194) 
A najlepsza droga dla 1511834878, HYKKU to: 
2 23 44 45 46 47 48 49 50 71 92 93 94 95 116 117 118 119 140 141 142 163 164 165 144 145 124 125 124 145 144 143 142 141 140 119 118 117 116 115 114 113 134 133 132 153 152 151 150 129 108 87 66 45 44 23 2 1 



315. Najlepsza waga dla 1511836148, QEUNT dla paczek:
77 26 
to: (108) 
A najlepsza droga dla 1511836148, QEUNT to: 
2 23 44 45 46 47 48 49 50 71 72 73 74 75 76 77 76 75 74 73 72 71 50 49 48 47 26 47 46 45 44 23 2 1 



316. Najlepsza waga dla 1511837292, CIWOU dla paczek:
145 127 
to: (174) 
A najlepsza droga dla 1511837292, CIWOU to: 
2 23 44 45 46 47 48 49 50 71 92 93 94 95 116 117 118 119 140 141 142 163 164 165 144 145 144 143 142 141 140 119 118 117 116 115 114 113 134 133 132 131 130 129 128 127 106 85 64 65 44 23 2 1 



317. Najlepsza waga dla 1511838302, VXUFJ dla paczek:
86 37 91 93 
to: (142) 
A najlepsza droga dla 1511838302, VXUFJ to: 
2 23 44 65 86 65 66 67 68 69 70 91 92 93 94 95 74 53 32 33 34 35 36 37 36 35 34 33 32 11 10 9 8 7 6 5 4 3 2 1 



318. Najlepsza waga dla 1511839487, DGECF dla paczek:
15 152 68 
to: (143) 
A najlepsza droga dla 1511839487, DGECF to: 
2 3 4 5 6 7 8 9 10 11 32 33 34 35 36 15 36 35 34 33 32 53 74 95 94 93 92 113 134 133 132 153 152 131 110 89 68 67 46 45 44 23 2 1 



319. Najlepsza waga dla 1511839996, ZIRCI dla paczek:
92 
to: (62) 
A najlepsza droga dla 1511839996, ZIRCI to: 
2 23 44 45 46 47 48 49 50 71 92 71 50 49 48 47 46 45 44 23 2 1 



320. Najlepsza waga dla 1511840874, AMLTU dla paczek:
50 135 111 
to: (93) 
A najlepsza droga dla 1511840874, AMLTU to: 
2 23 44 45 46 47 48 49 50 71 92 113 134 135 134 113 112 111 90 69 68 67 46 45 44 23 2 1 



321. Najlepsza waga dla 1511841526, NQJFX dla paczek:
158 
to: (110) 
A najlepsza droga dla 1511841526, NQJFX to: 
2 23 44 45 46 47 48 49 50 71 92 113 134 135 136 157 158 157 136 135 134 113 92 71 50 49 48 47 46 45 44 23 2 1 



322. Najlepsza waga dla 1511842868, PJZZQ dla paczek:
100 33 156 36 
to: (150) 
A najlepsza droga dla 1511842868, PJZZQ to: 
2 3 4 5 6 7 8 9 10 11 32 33 34 35 36 57 78 99 100 99 98 119 118 117 116 115 136 135 156 155 134 113 92 71 50 49 48 47 46 45 44 23 2 1 



323. Najlepsza waga dla 1511843719, ORDLP dla paczek:
70 
to: (54) 
A najlepsza droga dla 1511843719, ORDLP to: 
2 23 44 45 46 47 48 49 70 49 48 47 46 45 44 23 2 1 



324. Najlepsza waga dla 1511844976, UBQWA dla paczek:
149 88 136 99 
to: (174) 
A najlepsza droga dla 1511844976, UBQWA to: 
2 23 44 45 46 67 88 109 108 129 128 149 150 151 152 153 132 133 134 135 136 115 116 117 118 119 98 99 98 119 118 117 116 95 74 73 72 71 50 49 48 47 46 45 44 23 2 1 



325. Najlepsza waga dla 1511845713, MHWIJ dla paczek:
145 
to: (148) 
A najlepsza droga dla 1511845713, MHWIJ to: 
2 23 44 45 46 47 48 49 50 71 92 93 94 95 116 117 118 119 140 141 142 163 164 165 144 145 144 143 142 141 140 119 118 117 116 95 74 73 72 71 50 49 48 47 46 45 44 23 2 1 



326. Najlepsza waga dla 1511846970, XALHC dla paczek:
110 
to: (70) 
A najlepsza droga dla 1511846970, XALHC to: 
2 23 44 45 46 67 68 89 110 89 68 67 46 45 44 23 2 1 



327. Najlepsza waga dla 1511848097, XIVMV dla paczek:
22 88 26 112 
to: (84) 
A najlepsza droga dla 1511848097, XIVMV to: 
22 23 44 45 46 67 88 89 110 111 112 91 70 49 48 47 26 47 46 45 44 23 2 1 



328. Najlepsza waga dla 1511848460, UDHAJ dla paczek:
78 156 108 65 
to: (160) 
A najlepsza droga dla 1511848460, UDHAJ to: 
2 3 4 5 6 7 8 9 10 11 32 33 34 35 36 57 78 99 98 119 118 117 116 115 136 135 156 155 154 153 152 151 130 109 108 107 86 65 44 23 2 1 



329. Najlepsza waga dla 1511849108, UEPZT dla paczek:
124 78 157 86 
to: (204) 
A najlepsza droga dla 1511849108, UEPZT to: 
2 3 4 5 6 7 8 9 10 11 32 33 34 35 36 57 78 99 100 101 102 103 124 145 144 143 142 141 140 119 118 117 116 115 136 157 136 135 134 133 132 131 110 109 108 107 86 65 44 23 2 1 



330. Najlepsza waga dla 1511849913, PVGYH dla paczek:
47 
to: (42) 
A najlepsza droga dla 1511849913, PVGYH to: 
2 23 44 45 46 47 46 45 44 23 2 1 



331. Najlepsza waga dla 1511849919, LRULC dla paczek:
41 70 95 
to: (157) 
A najlepsza droga dla 1511849919, LRULC to: 
2 3 4 5 6 7 8 9 10 11 32 33 34 35 36 37 38 39 40 41 40 39 38 37 36 35 34 33 32 53 74 95 94 93 92 91 70 49 48 47 46 45 44 23 2 1 



332. Najlepsza waga dla 1511850480, JESZR dla paczek:
110 
to: (70) 
A najlepsza droga dla 1511850480, JESZR to: 
2 23 44 45 46 67 68 89 110 89 68 67 46 45 44 23 2 1 



333. Najlepsza waga dla 1511850889, YZQEI dla paczek:
32 101 38 44 
to: (145) 
A najlepsza droga dla 1511850889, YZQEI to: 
2 3 4 5 6 7 8 9 10 11 32 33 34 35 36 37 38 59 80 101 100 99 98 119 118 117 116 95 74 73 72 71 50 49 48 47 46 45 44 23 2 1 



334. Najlepsza waga dla 1511851331, LGXFM dla paczek:
129 144 90 
to: (178) 
A najlepsza droga dla 1511851331, LGXFM to: 
2 23 44 45 66 87 108 129 130 151 152 153 132 133 134 113 114 115 116 117 118 119 140 141 142 163 164 165 144 143 142 141 140 119 118 117 116 115 114 113 112 111 90 69 68 67 46 45 44 23 2 1 



335. Najlepsza waga dla 1511851579, VSMOF dla paczek:
54 
to: (90) 
A najlepsza droga dla 1511851579, VSMOF to: 
2 3 4 5 6 7 8 9 10 11 32 53 54 53 32 11 10 9 8 7 6 5 4 3 2 1 



336. Najlepsza waga dla 1511852359, GBKMO dla paczek:
144 52 
to: (154) 
A najlepsza droga dla 1511852359, GBKMO to: 
2 23 44 45 46 47 48 49 50 71 92 93 94 95 116 117 118 119 140 141 142 163 164 165 144 143 142 141 140 119 118 117 116 95 74 53 52 51 50 49 48 47 46 45 44 23 2 1 



337. Najlepsza waga dla 1511853288, ZXZPH dla paczek:
15 148 
to: (163) 
A najlepsza droga dla 1511853288, ZXZPH to: 
2 3 4 5 6 7 8 9 10 11 32 33 34 35 36 15 36 35 34 33 32 53 74 95 94 93 92 113 134 133 132 131 130 129 128 127 148 127 106 85 64 65 44 23 2 1 



338. Najlepsza waga dla 1511854326, YFXGM dla paczek:
47 
to: (42) 
A najlepsza droga dla 1511854326, YFXGM to: 
2 23 44 45 46 47 46 45 44 23 2 1 



339. Najlepsza waga dla 1511854823, BDVWM dla paczek:
27 
to: (48) 
A najlepsza droga dla 1511854823, BDVWM to: 
2 23 44 45 46 47 26 27 26 47 46 45 44 23 2 1 



340. Najlepsza waga dla 1511855516, MQPIZ dla paczek:
113 
to: (72) 
A najlepsza droga dla 1511855516, MQPIZ to: 
2 23 44 45 46 47 48 49 50 71 92 113 92 71 50 49 48 47 46 45 44 23 2 1 



341. Najlepsza waga dla 1511856641, BEOOF dla paczek:
20 25 56 115 
to: (189) 
A najlepsza droga dla 1511856641, BEOOF to: 
2 3 4 5 6 7 8 9 10 11 32 33 34 35 36 15 16 17 18 19 20 19 18 17 16 37 58 57 56 77 76 97 118 117 116 115 94 93 92 71 50 49 48 47 26 25 4 3 2 1 



342. Najlepsza waga dla 1511857083, VXUFJ dla paczek:
76 82 
to: (154) 
A najlepsza droga dla 1511857083, VXUFJ to: 
2 23 44 45 46 47 48 49 50 71 72 73 74 75 76 77 98 99 100 101 102 81 82 81 80 79 58 37 36 35 34 33 32 11 10 9 8 7 6 5 4 3 2 1 



343. Najlepsza waga dla 1511858268, STVXL dla paczek:
30 
to: (58) 
A najlepsza droga dla 1511858268, STVXL to: 
2 23 44 45 46 47 48 49 50 29 30 29 50 49 48 47 46 45 44 23 2 1 



344. Najlepsza waga dla 1511858386, KBJAF dla paczek:
134 56 104 
to: (172) 
A najlepsza droga dla 1511858386, KBJAF to: 
2 23 44 45 46 47 48 49 50 71 92 113 134 113 114 115 116 117 118 119 98 99 100 101 102 81 82 83 104 83 82 81 102 101 100 99 98 77 56 77 76 75 74 73 72 71 50 49 48 47 46 45 44 23 2 1 



345. Najlepsza waga dla 1511858710, SUAXE dla paczek:
75 
to: (86) 
A najlepsza droga dla 1511858710, SUAXE to: 
2 23 44 45 46 47 48 49 50 71 72 73 74 75 74 73 72 71 50 49 48 47 46 45 44 23 2 1 



346. Najlepsza waga dla 1511859540, JESZR dla paczek:
153 38 
to: (162) 
A najlepsza droga dla 1511859540, JESZR to: 
2 23 44 45 66 87 108 109 130 151 152 153 132 133 134 113 92 93 94 95 74 53 32 33 34 35 36 37 38 37 36 35 34 33 32 11 10 9 8 7 6 5 4 3 2 1 



347. Najlepsza waga dla 1511860037, MHWIJ dla paczek:
79 20 125 109 
to: (212) 
A najlepsza droga dla 1511860037, MHWIJ to: 
2 3 4 5 6 7 8 9 10 11 32 33 34 35 36 37 58 79 58 37 16 17 18 19 20 21 42 63 84 83 104 125 124 145 144 143 142 141 140 119 118 117 116 115 114 113 112 111 110 109 108 87 66 45 44 23 2 1 



348. Najlepsza waga dla 1511860863, ADKVV dla paczek:
72 
to: (58) 
A najlepsza droga dla 1511860863, ADKVV to: 
2 23 44 45 46 47 48 49 50 71 72 71 50 49 48 47 46 45 44 23 2 1 



349. Najlepsza waga dla 1511861221, MHWIJ dla paczek:
140 125 
to: (162) 
A najlepsza droga dla 1511861221, MHWIJ to: 
2 23 44 45 46 47 48 49 50 71 92 93 94 95 116 117 118 119 140 141 142 163 164 165 144 145 124 125 124 145 144 143 142 141 140 119 118 117 116 95 74 73 72 71 50 49 48 47 46 45 44 23 2 1 



350. Najlepsza waga dla 1511862582, QRYDL dla paczek:
160 47 75 
to: (108) 
A najlepsza droga dla 1511862582, QRYDL to: 
2 23 44 45 46 47 48 49 50 71 92 93 94 95 116 117 138 139 160 139 138 117 116 95 74 75 74 73 72 71 50 49 48 47 46 45 44 23 2 1 



351. Najlepsza waga dla 1511863042, HHHWI dla paczek:
69 52 33 167 
to: (177) 
A najlepsza droga dla 1511863042, HHHWI to: 
2 23 44 45 46 67 68 69 48 49 50 51 52 53 32 33 34 35 36 57 78 99 100 121 142 163 164 165 144 145 146 167 146 145 144 143 142 141 140 119 118 117 116 95 74 73 72 71 50 49 48 47 46 45 44 23 2 1 



352. Najlepsza waga dla 1511863697, VXUFJ dla paczek:
167 
to: (154) 
A najlepsza droga dla 1511863697, VXUFJ to: 
2 23 44 45 46 47 48 49 50 71 92 93 94 95 116 117 118 119 140 141 142 163 164 165 144 145 146 167 146 145 144 143 142 141 140 119 118 117 116 95 74 73 72 71 50 49 48 47 46 45 44 23 2 1 



353. Najlepsza waga dla 1511865063, XUMBT dla paczek:
85 78 70 
to: (141) 
A najlepsza droga dla 1511865063, XUMBT to: 
2 23 44 65 64 85 64 65 66 67 68 69 70 91 92 93 94 95 116 117 118 119 98 99 78 57 36 35 34 33 32 11 10 9 8 7 6 5 4 3 2 1 



354. Najlepsza waga dla 1511865205, PVGYH dla paczek:
148 101 70 24 
to: (177) 
A najlepsza droga dla 1511865205, PVGYH to: 
2 23 44 65 64 85 106 127 148 127 128 129 130 131 132 133 134 113 114 115 116 117 118 119 98 99 100 101 100 99 98 119 118 117 116 95 94 93 92 91 70 49 48 47 26 25 24 23 2 1 



355. Najlepsza waga dla 1511866663, SHBNP dla paczek:
113 133 161 132 24 71 
to: (123) 
A najlepsza droga dla 1511866663, SHBNP to: 
2 23 44 45 46 47 48 49 50 71 92 113 134 133 132 133 134 113 114 115 116 117 138 139 160 161 160 139 138 117 116 95 74 73 72 71 50 49 48 47 26 25 24 23 2 1 



356. Najlepsza waga dla 1511868149, CBJLY dla paczek:
151 66 72 120 
to: (139) 
A najlepsza droga dla 1511868149, CBJLY to: 
2 23 44 45 66 87 108 109 130 151 152 153 132 133 134 113 114 115 116 117 118 119 120 119 118 117 116 95 74 73 72 71 50 49 48 47 46 45 44 23 2 1 



357. Najlepsza waga dla 1511869282, MHWIJ dla paczek:
22 169 14 30 
to: (160) 
A najlepsza droga dla 1511869282, MHWIJ to: 
22 23 44 65 64 85 106 127 128 149 170 169 170 149 150 151 152 153 132 133 134 113 114 115 116 95 74 53 32 33 34 35 14 35 34 33 32 11 10 9 30 29 50 49 48 47 46 45 44 23 2 1 



358. Najlepsza waga dla 1511869777, UUMQO dla paczek:
126 136 
to: (180) 
A najlepsza droga dla 1511869777, UUMQO to: 
2 23 44 45 46 47 48 49 50 71 92 93 94 95 116 117 118 119 140 141 142 163 164 165 144 145 124 125 126 125 124 145 144 143 142 141 140 119 118 117 116 115 136 135 134 113 92 71 50 49 48 47 46 45 44 23 2 1 



359. Najlepsza waga dla 1511871189, QEUNT dla paczek:
116 160 78 
to: (131) 
A najlepsza droga dla 1511871189, QEUNT to: 
2 23 44 45 46 47 48 49 50 71 92 93 94 95 116 117 138 139 160 139 140 119 98 99 78 57 36 35 34 33 32 11 10 9 8 7 6 5 4 3 2 1 



360. Najlepsza waga dla 1511872434, JONGY dla paczek:
87 79 105 
to: (184) 
A najlepsza droga dla 1511872434, JONGY to: 
2 23 44 45 66 87 66 67 46 47 48 49 50 29 30 9 10 11 32 33 34 35 36 37 58 79 80 81 82 83 104 105 104 83 82 81 80 79 58 37 36 35 34 33 32 11 10 9 8 7 6 5 4 3 2 1 



361. Najlepsza waga dla 1511873770, WUVTI dla paczek:
168 166 110 24 
to: (193) 
A najlepsza droga dla 1511873770, WUVTI to: 
2 23 44 45 46 67 68 89 110 111 112 113 114 115 116 117 118 119 140 141 142 163 164 165 166 167 168 167 146 145 144 143 142 141 140 119 118 117 116 95 74 73 72 71 50 49 48 47 26 25 24 23 2 1 



362. Najlepsza waga dla 1511874031, VBDNI dla paczek:
147 
to: (164) 
A najlepsza droga dla 1511874031, VBDNI to: 
2 23 44 45 46 47 48 49 50 71 92 93 94 95 116 117 118 119 140 141 142 163 164 165 144 145 146 147 146 145 144 143 142 141 140 119 118 117 116 95 74 73 72 71 50 49 48 47 46 45 44 23 2 1 



363. Najlepsza waga dla 1511874657, XALHC dla paczek:
80 21 16 104 
to: (178) 
A najlepsza droga dla 1511874657, XALHC to: 
2 3 4 5 6 7 8 9 10 11 32 33 34 35 36 37 58 79 80 81 82 83 104 83 84 63 42 21 20 19 18 17 16 15 36 35 34 33 32 11 10 9 8 7 6 5 4 3 2 1 



364. Najlepsza waga dla 1511874714, ADKVV dla paczek:
164 46 100 
to: (141) 
A najlepsza droga dla 1511874714, ADKVV to: 
2 23 44 45 46 47 48 49 50 71 92 93 94 95 116 117 118 119 140 141 142 163 164 163 142 121 100 99 98 119 118 117 116 95 74 73 72 71 50 49 48 47 46 45 44 23 2 1 



365. Najlepsza waga dla 1511875159, VGBPD dla paczek:
50 162 
to: (112) 
A najlepsza droga dla 1511875159, VGBPD to: 
2 23 44 45 46 47 48 49 50 71 92 93 94 95 116 117 138 139 160 161 162 161 160 139 138 117 116 95 94 93 92 71 50 49 48 47 46 45 44 23 2 1 



366. Najlepsza waga dla 1511876495, DJLJT dla paczek:
31 
to: (72) 
A najlepsza droga dla 1511876495, DJLJT to: 
2 23 44 45 46 47 48 49 50 29 30 31 30 29 50 49 48 47 46 45 44 23 2 1 



367. Najlepsza waga dla 1511876751, TAERF dla paczek:
43 
to: (32) 
A najlepsza droga dla 1511876751, TAERF to: 
22 43 22 1 



368. Najlepsza waga dla 1511877180, POPTF dla paczek:
46 134 35 119 
to: (126) 
A najlepsza droga dla 1511877180, POPTF to: 
2 23 44 45 46 47 48 49 50 71 92 113 134 113 114 115 116 117 118 119 98 99 78 57 36 35 34 33 32 11 10 9 8 7 6 5 4 3 2 1 



369. Najlepsza waga dla 1511877368, EGFJU dla paczek:
121 38 
to: (148) 
A najlepsza droga dla 1511877368, EGFJU to: 
2 23 44 45 46 47 48 49 50 71 92 93 94 95 116 117 118 119 140 141 142 121 100 79 58 37 38 37 36 35 34 33 32 11 10 9 8 7 6 5 4 3 2 1 



370. Najlepsza waga dla 1511878472, ZXZPH dla paczek:
54 133 
to: (111) 
A najlepsza droga dla 1511878472, ZXZPH to: 
2 3 4 5 6 7 8 9 10 11 32 53 54 53 74 95 94 93 92 113 134 133 134 113 92 71 50 49 48 47 46 45 44 23 2 1 



371. Najlepsza waga dla 1511879456, MQPIZ dla paczek:
134 59 
to: (146) 
A najlepsza droga dla 1511879456, MQPIZ to: 
2 23 44 45 46 47 48 49 50 71 92 113 134 113 114 115 116 117 118 119 98 99 78 79 80 59 58 37 36 35 34 33 32 11 10 9 8 7 6 5 4 3 2 1 



372. Najlepsza waga dla 1511880544, ZIRCI dla paczek:
14 142 
to: (137) 
A najlepsza droga dla 1511880544, ZIRCI to: 
2 3 4 5 6 7 8 9 10 11 32 33 34 35 14 35 36 57 78 99 100 121 142 141 140 119 118 117 116 95 74 73 72 71 50 49 48 47 46 45 44 23 2 1 



373. Najlepsza waga dla 1511881763, SHBNP dla paczek:
120 81 136 
to: (165) 
A najlepsza droga dla 1511881763, SHBNP to: 
2 3 4 5 6 7 8 9 10 11 32 33 34 35 36 37 58 79 80 81 102 101 100 121 120 119 118 117 116 115 136 135 134 113 92 71 50 49 48 47 46 45 44 23 2 1 



374. Najlepsza waga dla 1511882257, MHWIJ dla paczek:
43 47 42 102 
to: (183) 
A najlepsza droga dla 1511882257, MHWIJ to: 
22 43 44 45 46 47 48 49 50 71 72 73 74 95 116 117 118 119 98 99 100 101 102 81 82 83 84 63 42 41 40 39 38 37 36 35 34 33 32 11 10 9 8 7 6 5 4 3 2 1 



375. Najlepsza waga dla 1511882994, DTXTX dla paczek:
113 169 126 
to: (213) 
A najlepsza droga dla 1511882994, DTXTX to: 
2 23 44 65 64 85 106 127 128 149 170 169 170 149 150 151 152 153 132 133 134 113 114 115 116 117 118 119 140 141 142 143 144 145 124 125 126 125 124 145 144 143 142 141 140 119 118 117 116 95 94 93 92 71 50 49 48 47 46 45 44 23 2 1 



376. Najlepsza waga dla 1511883388, XUFXL dla paczek:
37 60 18 
to: (165) 
A najlepsza droga dla 1511883388, XUFXL to: 
2 3 4 5 6 7 8 9 10 11 32 33 34 35 36 37 58 59 60 39 18 17 16 15 36 35 34 33 32 11 10 9 8 7 6 5 4 3 2 1 



377. Najlepsza waga dla 1511883834, AWFSU dla paczek:
115 
to: (80) 
A najlepsza droga dla 1511883834, AWFSU to: 
2 23 44 45 46 47 48 49 50 71 92 93 94 115 94 93 92 71 50 49 48 47 46 45 44 23 2 1 



378. Najlepsza waga dla 1511884157, FHZVC dla paczek:
95 30 81 151 
to: (179) 
A najlepsza droga dla 1511884157, FHZVC to: 
2 23 44 45 46 47 48 49 50 29 30 9 10 11 32 53 74 95 116 117 118 119 98 99 100 101 102 81 102 101 100 99 98 119 118 117 116 115 114 113 134 133 132 153 152 151 130 109 108 87 66 45 44 23 2 1 



379. Najlepsza waga dla 1511884275, XAEXN dla paczek:
83 
to: (156) 
A najlepsza droga dla 1511884275, XAEXN to: 
2 3 4 5 6 7 8 9 10 11 32 33 34 35 36 37 58 79 80 81 82 83 82 81 80 79 58 37 36 35 34 33 32 11 10 9 8 7 6 5 4 3 2 1 



380. Najlepsza waga dla 1511885140, QRYDL dla paczek:
113 39 35 
to: (145) 
A najlepsza droga dla 1511885140, QRYDL to: 
2 23 44 45 46 47 48 49 50 71 92 113 92 93 94 95 74 53 32 33 34 35 36 37 38 39 38 37 36 35 34 33 32 11 10 9 8 7 6 5 4 3 2 1 



381. Najlepsza waga dla 1511885179, BZFXR dla paczek:
89 140 98 40 
to: (168) 
A najlepsza droga dla 1511885179, BZFXR to: 
2 23 44 45 46 67 68 89 110 111 112 113 114 115 116 117 118 119 140 119 98 99 78 79 58 37 38 39 40 39 38 37 36 35 34 33 32 11 10 9 8 7 6 5 4 3 2 1 



382. Najlepsza waga dla 1511885599, XVSFV dla paczek:
57 31 40 
to: (141) 
A najlepsza droga dla 1511885599, XVSFV to: 
2 3 4 5 6 7 8 9 10 11 32 33 34 35 36 57 58 37 38 39 40 39 38 37 36 35 34 33 32 31 30 29 50 49 48 47 46 45 44 23 2 1 



383. Najlepsza waga dla 1511886677, XZFAK dla paczek:
59 22 
to: (136) 
A najlepsza droga dla 1511886677, XZFAK to: 
2 3 4 5 6 7 8 9 10 11 32 33 34 35 36 37 58 59 58 37 36 35 34 33 32 11 10 9 30 29 50 49 48 47 46 45 44 23 22 1 



384. Najlepsza waga dla 1511888119, MQPIZ dla paczek:
137 
to: (100) 
A najlepsza droga dla 1511888119, MQPIZ to: 
2 23 44 45 46 47 48 49 50 71 92 113 134 135 136 137 136 135 134 113 92 71 50 49 48 47 46 45 44 23 2 1 



385. Najlepsza waga dla 1511889143, GHSGJ dla paczek:
60 118 79 37 
to: (154) 
A najlepsza droga dla 1511889143, GHSGJ to: 
2 23 44 45 46 47 48 49 50 71 92 93 94 95 116 117 118 119 98 99 78 79 80 59 60 59 58 37 36 35 34 33 32 11 10 9 8 7 6 5 4 3 2 1 



386. Najlepsza waga dla 1511889408, IEBZI dla paczek:
163 23 93 
to: (126) 
A najlepsza droga dla 1511889408, IEBZI to: 
2 23 44 45 46 47 48 49 50 71 92 93 94 95 116 117 118 119 140 141 142 163 142 141 140 119 118 117 116 95 94 93 92 71 50 49 48 47 46 45 44 23 2 1 



387. Najlepsza waga dla 1511890337, RCDUU dla paczek:
70 121 60 
to: (162) 
A najlepsza droga dla 1511890337, RCDUU to: 
2 23 44 45 46 47 48 49 70 91 92 93 94 95 116 117 118 119 140 141 142 121 100 101 80 59 60 59 58 37 36 35 34 33 32 11 10 9 8 7 6 5 4 3 2 1 



388. Najlepsza waga dla 1511891010, IVLOL dla paczek:
90 33 
to: (104) 
A najlepsza droga dla 1511891010, IVLOL to: 
2 23 44 45 46 67 68 69 90 91 92 93 94 95 74 53 32 33 32 11 10 9 8 7 6 5 4 3 2 1 



389. Najlepsza waga dla 1511892328, KLNCX dla paczek:
66 46 63 
to: (160) 
A najlepsza droga dla 1511892328, KLNCX to: 
2 23 44 45 66 67 46 47 48 49 50 29 30 9 10 11 32 33 34 35 36 37 38 39 40 61 62 63 62 61 40 39 38 37 36 35 34 33 32 11 10 9 8 7 6 5 4 3 2 1 



390. Najlepsza waga dla 1511893560, BHRUX dla paczek:
158 149 
to: (137) 
A najlepsza droga dla 1511893560, BHRUX to: 
2 23 44 45 46 47 48 49 50 71 92 113 134 135 136 157 158 179 200 199 198 197 218 217 196 195 194 193 172 171 170 149 128 127 106 85 64 65 44 23 2 1 



391. Najlepsza waga dla 1511893565, CNERU dla paczek:
82 
to: (150) 
A najlepsza droga dla 1511893565, CNERU to: 
2 3 4 5 6 7 8 9 10 11 32 33 34 35 36 37 58 79 80 81 82 81 80 79 58 37 36 35 34 33 32 11 10 9 8 7 6 5 4 3 2 1 



392. Najlepsza waga dla 1511894330, YVXRN dla paczek:
132 62 108 60 
to: (184) 
A najlepsza droga dla 1511894330, YVXRN to: 
2 3 4 5 6 7 8 9 10 11 32 33 34 35 36 37 38 39 40 61 62 61 60 59 80 79 78 99 98 119 118 117 116 115 114 113 134 133 132 131 110 109 108 87 66 45 44 23 2 1 



393. Najlepsza waga dla 1511894561, EGFJU dla paczek:
146 
to: (152) 
A najlepsza droga dla 1511894561, EGFJU to: 
2 23 44 45 46 47 48 49 50 71 92 93 94 95 116 117 118 119 140 141 142 163 164 165 144 145 146 145 144 143 142 141 140 119 118 117 116 95 74 73 72 71 50 49 48 47 46 45 44 23 2 1 



394. Najlepsza waga dla 1511895357, CNERU dla paczek:
97 71 
to: (102) 
A najlepsza droga dla 1511895357, CNERU to: 
2 23 44 45 46 47 48 49 50 71 92 93 94 95 96 97 96 95 74 73 72 71 50 49 48 47 46 45 44 23 2 1 



395. Najlepsza waga dla 1511895986, CNERU dla paczek:
139 
to: (98) 
A najlepsza droga dla 1511895986, CNERU to: 
2 23 44 45 46 47 48 49 50 71 92 93 94 95 116 117 138 139 138 117 116 95 74 73 72 71 50 49 48 47 46 45 44 23 2 1 



396. Najlepsza waga dla 1511896090, CBJLY dla paczek:
14 92 
to: (109) 
A najlepsza droga dla 1511896090, CBJLY to: 
2 3 4 5 6 7 8 9 10 11 32 33 34 35 14 35 34 33 32 53 74 95 94 93 92 71 50 49 48 47 46 45 44 23 2 1 



397. Najlepsza waga dla 1511897352, UEPZT dla paczek:
65 
to: (32) 
A najlepsza droga dla 1511897352, UEPZT to: 
2 23 44 65 44 23 2 1 



398. Najlepsza waga dla 1511897983, CIWOU dla paczek:
160 90 90 124 
to: (167) 
A najlepsza droga dla 1511897983, CIWOU to: 
2 23 44 45 46 47 48 49 50 71 92 93 94 95 116 117 138 139 160 161 162 163 164 165 144 145 124 145 144 143 142 141 140 119 118 117 116 95 94 93 92 91 90 69 68 67 46 45 44 23 2 1 



399. Najlepsza waga dla 1511898403, ADKVV dla paczek:
34 101 73 
to: (132) 
A najlepsza droga dla 1511898403, ADKVV to: 
2 3 4 5 6 7 8 9 10 11 32 33 34 35 36 57 78 99 100 101 100 99 98 119 118 117 116 95 74 73 72 71 50 49 48 47 46 45 44 23 2 1 



400. Najlepsza waga dla 1511899871, NQJFX dla paczek:
164 71 76 13 
to: (160) 
A najlepsza droga dla 1511899871, NQJFX to: 
2 23 44 45 46 47 48 49 50 71 72 73 74 75 76 77 98 99 100 121 142 163 164 163 142 121 100 99 78 57 36 35 34 13 12 11 10 9 8 7 6 5 4 3 2 1 



401. Najlepsza waga dla 1511900997, NQJFX dla paczek:
84 160 
to: (171) 
A najlepsza droga dla 1511900997, NQJFX to: 
2 3 4 5 6 7 8 9 10 11 32 33 34 35 36 37 38 39 40 61 62 63 84 83 82 81 102 101 100 99 98 119 140 139 160 139 138 117 116 95 94 93 92 71 50 49 48 47 46 45 44 23 2 1 



