603. Najlepsza waga dla 1512048072, YBGWW dla paczek:
131 48 140 120 
to: (137) 
A najlepsza droga dla 1512048072, YBGWW to: 
2 23 44 45 46 67 68 89 110 131 132 133 134 113 114 115 116 117 118 119 140 141 120 119 118 117 116 95 74 73 72 71 50 49 48 47 46 45 44 23 2 1 



604. Najlepsza waga dla 1512048568, ORDLP dla paczek:
144 104 
to: (166) 
A najlepsza droga dla 1512048568, ORDLP to: 
2 23 44 45 46 47 48 49 50 71 92 93 94 95 116 117 118 119 140 141 142 163 164 165 144 145 124 125 104 83 82 81 80 79 58 37 36 35 34 33 32 11 10 9 8 7 6 5 4 3 2 1 



605. Najlepsza waga dla 1512049471, RCDUU dla paczek:
137 59 115 15 
to: (163) 
A najlepsza droga dla 1512049471, RCDUU to: 
2 23 44 45 46 47 48 49 50 71 92 93 94 115 136 137 116 117 118 119 98 99 78 79 80 59 58 37 36 15 36 35 34 33 32 11 10 9 8 7 6 5 4 3 2 1 



606. Najlepsza waga dla 1512049580, UUHDG dla paczek:
120 98 134 89 
to: (145) 
A najlepsza droga dla 1512049580, UUHDG to: 
2 23 44 45 46 47 48 49 50 71 92 93 94 95 116 117 118 119 120 99 98 119 118 117 116 115 114 113 134 133 132 131 110 89 68 67 46 45 44 23 2 1 



607. Najlepsza waga dla 1512050763, UEPZT dla paczek:
143 57 165 
to: (155) 
A najlepsza droga dla 1512050763, UEPZT to: 
2 23 44 45 46 47 48 49 50 71 92 93 94 95 116 117 118 119 140 141 142 143 144 165 164 163 142 121 100 99 78 57 36 35 34 33 32 11 10 9 8 7 6 5 4 3 2 1 



608. Najlepsza waga dla 1512050948, ATMVF dla paczek:
91 
to: (64) 
A najlepsza droga dla 1512050948, ATMVF to: 
2 23 44 45 46 47 48 49 70 91 70 49 48 47 46 45 44 23 2 1 



609. Najlepsza waga dla 1512052144, EGOHO dla paczek:
80 
to: (130) 
A najlepsza droga dla 1512052144, EGOHO to: 
2 3 4 5 6 7 8 9 10 11 32 33 34 35 36 37 58 79 80 79 58 37 36 35 34 33 32 11 10 9 8 7 6 5 4 3 2 1 



610. Najlepsza waga dla 1512052395, JZNAS dla paczek:
122 50 47 
to: (142) 
A najlepsza droga dla 1512052395, JZNAS to: 
2 23 44 45 46 47 48 49 50 71 92 93 94 95 116 117 118 119 140 141 142 121 122 121 142 141 140 119 118 117 116 95 94 93 92 71 50 49 48 47 46 45 44 23 2 1 



611. Najlepsza waga dla 1512053012, PUCOQ dla paczek:
66 43 22 
to: (40) 
A najlepsza droga dla 1512053012, PUCOQ to: 
2 23 44 45 66 45 44 43 22 1 



612. Najlepsza waga dla 1512053194, XUMBT dla paczek:
68 26 160 47 
to: (107) 
A najlepsza droga dla 1512053194, XUMBT to: 
2 23 44 45 46 67 68 69 48 49 50 71 72 73 74 95 116 117 138 139 160 139 138 117 116 95 94 93 92 71 50 49 48 47 26 47 46 45 44 23 2 1 



613. Najlepsza waga dla 1512054525, ZPJSB dla paczek:
58 98 
to: (127) 
A najlepsza droga dla 1512054525, ZPJSB to: 
2 3 4 5 6 7 8 9 10 11 32 33 34 35 36 37 58 79 78 99 98 119 118 117 116 95 94 93 92 71 50 49 48 47 46 45 44 23 2 1 



614. Najlepsza waga dla 1512055092, XALHC dla paczek:
92 86 
to: (84) 
A najlepsza droga dla 1512055092, XALHC to: 
2 23 44 45 46 47 48 49 50 71 92 71 50 49 48 47 46 67 66 65 86 65 44 23 2 1 



615. Najlepsza waga dla 1512055584, KLOJK dla paczek:
141 81 63 89 
to: (184) 
A najlepsza droga dla 1512055584, KLOJK to: 
2 3 4 5 6 7 8 9 10 11 32 33 34 35 36 37 38 39 40 61 62 63 84 83 82 81 102 101 100 121 142 141 140 119 118 117 116 115 114 113 112 111 110 89 68 67 46 45 44 23 2 1 



616. Najlepsza waga dla 1512055946, WZQDW dla paczek:
59 59 68 147 
to: (189) 
A najlepsza droga dla 1512055946, WZQDW to: 
2 3 4 5 6 7 8 9 10 11 32 33 34 35 36 37 58 59 80 81 82 103 124 145 146 147 146 145 144 143 142 141 140 119 118 117 116 95 74 73 72 71 50 49 48 69 68 67 46 45 44 23 2 1 



617. Najlepsza waga dla 1512057185, LWSSZ dla paczek:
88 
to: (58) 
A najlepsza droga dla 1512057185, LWSSZ to: 
2 23 44 45 46 67 88 67 46 45 44 23 2 1 



618. Najlepsza waga dla 1512058429, XNUPP dla paczek:
68 
to: (46) 
A najlepsza droga dla 1512058429, XNUPP to: 
2 23 44 45 46 67 68 67 46 45 44 23 2 1 



619. Najlepsza waga dla 1512058994, LGXFM dla paczek:
47 
to: (42) 
A najlepsza droga dla 1512058994, LGXFM to: 
2 23 44 45 46 47 46 45 44 23 2 1 



620. Najlepsza waga dla 1512060480, TCWTQ dla paczek:
18 57 85 15 
to: (170) 
A najlepsza droga dla 1512060480, TCWTQ to: 
2 3 4 5 6 7 8 9 10 11 32 33 34 35 36 57 58 37 16 17 18 17 16 15 36 35 34 33 32 11 10 9 30 29 50 49 48 47 46 67 66 65 64 85 64 65 44 23 2 1 



621. Najlepsza waga dla 1512061449, HYKKU dla paczek:
104 134 150 
to: (192) 
A najlepsza droga dla 1512061449, HYKKU to: 
2 3 4 5 6 7 8 9 10 11 32 33 34 35 36 37 58 79 80 81 82 83 104 83 82 81 102 101 100 99 98 119 118 117 116 115 114 113 134 133 132 153 152 151 150 129 108 87 66 45 44 23 2 1 



622. Najlepsza waga dla 1512061702, RWJLG dla paczek:
70 163 82 61 
to: (168) 
A najlepsza droga dla 1512061702, RWJLG to: 
2 23 44 45 46 47 48 49 70 91 92 93 94 95 116 117 118 119 140 141 142 163 142 121 100 101 102 81 82 61 40 39 38 37 36 35 34 33 32 11 10 9 8 7 6 5 4 3 2 1 



623. Najlepsza waga dla 1512063069, YFCRU dla paczek:
44 26 102 46 
to: (146) 
A najlepsza droga dla 1512063069, YFCRU to: 
2 23 44 45 46 47 26 47 48 49 50 71 92 93 94 95 116 117 118 119 98 99 100 101 102 101 100 99 98 119 118 117 116 95 74 73 72 71 50 49 48 47 46 45 44 23 2 1 



624. Najlepsza waga dla 1512064511, VLCUD dla paczek:
134 43 
to: (84) 
A najlepsza droga dla 1512064511, VLCUD to: 
2 23 44 45 46 47 48 49 50 71 92 113 134 113 92 71 50 49 48 47 46 45 44 43 22 1 



625. Najlepsza waga dla 1512065028, QEPWP dla paczek:
166 36 51 106 
to: (189) 
A najlepsza droga dla 1512065028, QEPWP to: 
2 23 44 45 46 47 48 49 50 51 30 9 10 11 32 33 34 35 36 57 78 99 100 121 142 163 164 165 166 165 164 163 142 141 140 119 118 117 116 115 114 113 112 111 110 109 108 107 106 85 64 65 44 23 2 1 



626. Najlepsza waga dla 1512065158, NQJFX dla paczek:
59 104 78 
to: (166) 
A najlepsza droga dla 1512065158, NQJFX to: 
2 3 4 5 6 7 8 9 10 11 32 33 34 35 36 37 58 59 80 81 82 83 104 83 82 81 80 79 78 57 36 35 34 33 32 11 10 9 8 7 6 5 4 3 2 1 



627. Najlepsza waga dla 1512066143, HNYIU dla paczek:
48 110 79 
to: (144) 
A najlepsza droga dla 1512066143, HNYIU to: 
2 23 44 45 46 47 48 49 50 29 30 9 10 11 32 33 34 35 36 37 58 79 58 37 36 35 34 33 32 53 74 95 94 93 92 91 112 111 110 89 68 67 46 45 44 23 2 1 



628. Najlepsza waga dla 1512066232, ZIRCI dla paczek:
81 
to: (148) 
A najlepsza droga dla 1512066232, ZIRCI to: 
2 3 4 5 6 7 8 9 10 11 32 33 34 35 36 37 58 79 80 81 80 79 58 37 36 35 34 33 32 11 10 9 8 7 6 5 4 3 2 1 



629. Najlepsza waga dla 1512067169, ZBQTG dla paczek:
17 
to: (136) 
A najlepsza droga dla 1512067169, ZBQTG to: 
2 3 4 5 6 7 8 9 10 11 32 33 34 35 36 15 16 17 16 15 36 35 34 33 32 11 10 9 8 7 6 5 4 3 2 1 



630. Najlepsza waga dla 1512068231, HNYIU dla paczek:
70 
to: (54) 
A najlepsza droga dla 1512068231, HNYIU to: 
2 23 44 45 46 47 48 49 70 49 48 47 46 45 44 23 2 1 



631. Najlepsza waga dla 1512069539, MHWIJ dla paczek:
123 
to: (154) 
A najlepsza droga dla 1512069539, MHWIJ to: 
2 23 44 45 46 47 48 49 50 71 92 93 94 95 116 117 118 119 98 99 100 101 102 123 102 101 100 99 98 119 118 117 116 95 74 73 72 71 50 49 48 47 46 45 44 23 2 1 



632. Najlepsza waga dla 1512070005, IDEWX dla paczek:
103 148 125 91 
to: (211) 
A najlepsza droga dla 1512070005, IDEWX to: 
2 23 44 65 64 85 106 127 148 127 128 129 130 131 132 133 134 113 114 115 116 117 118 119 98 99 100 101 102 103 124 125 124 145 144 143 142 141 140 119 118 117 116 95 94 93 92 91 70 49 48 47 46 45 44 23 2 1 



633. Najlepsza waga dla 1512071045, RWJLG dla paczek:
141 
to: (108) 
A najlepsza droga dla 1512071045, RWJLG to: 
2 23 44 45 46 47 48 49 50 71 92 93 94 95 116 117 118 119 140 141 140 119 118 117 116 95 74 73 72 71 50 49 48 47 46 45 44 23 2 1 



634. Najlepsza waga dla 1512072346, ZIRCI dla paczek:
76 15 13 
to: (127) 
A najlepsza droga dla 1512072346, ZIRCI to: 
2 23 44 45 46 47 48 49 50 71 72 73 74 75 76 55 34 35 36 15 36 35 34 13 12 11 10 9 8 7 6 5 4 3 2 1 



635. Najlepsza waga dla 1512073357, HNYIU dla paczek:
91 140 84 
to: (166) 
A najlepsza droga dla 1512073357, HNYIU to: 
2 23 44 45 46 47 48 49 70 91 92 93 94 95 116 117 118 119 140 119 98 99 100 101 102 81 82 83 84 63 62 61 40 39 38 37 36 35 34 33 32 11 10 9 8 7 6 5 4 3 2 1 



636. Najlepsza waga dla 1512074576, JSJQT dla paczek:
48 125 59 89 
to: (189) 
A najlepsza droga dla 1512074576, JSJQT to: 
2 23 44 45 46 47 48 49 50 29 30 9 10 11 32 33 34 35 36 37 58 59 80 81 82 83 104 125 124 145 144 143 142 141 140 119 118 117 116 115 114 113 112 111 110 89 68 67 46 45 44 23 2 1 



637. Najlepsza waga dla 1512075185, XVSFV dla paczek:
62 35 164 
to: (170) 
A najlepsza droga dla 1512075185, XVSFV to: 
2 3 4 5 6 7 8 9 10 11 32 33 34 35 36 37 38 39 40 61 62 63 84 83 104 125 124 145 144 165 164 163 142 141 140 119 118 117 116 95 94 93 92 71 50 49 48 47 46 45 44 23 2 1 



638. Najlepsza waga dla 1512075834, ADIST dla paczek:
115 
to: (80) 
A najlepsza droga dla 1512075834, ADIST to: 
2 23 44 45 46 47 48 49 50 71 92 93 94 115 94 93 92 71 50 49 48 47 46 45 44 23 2 1 



639. Najlepsza waga dla 1512076684, NQJFX dla paczek:
76 116 
to: (105) 
A najlepsza droga dla 1512076684, NQJFX to: 
2 23 44 45 46 47 48 49 50 71 72 73 74 75 76 97 118 117 116 95 94 93 92 71 50 49 48 47 46 45 44 23 2 1 



640. Najlepsza waga dla 1512076781, WMCDZ dla paczek:
133 19 
to: (173) 
A najlepsza droga dla 1512076781, WMCDZ to: 
2 23 44 45 46 47 48 49 50 71 92 113 134 133 134 113 114 115 116 117 118 119 98 99 78 79 58 37 16 17 18 19 18 17 16 15 36 35 34 33 32 11 10 9 8 7 6 5 4 3 2 1 



641. Najlepsza waga dla 1512077372, LOPDR dla paczek:
40 40 74 
to: (139) 
A najlepsza droga dla 1512077372, LOPDR to: 
2 3 4 5 6 7 8 9 10 11 32 33 34 35 36 37 38 39 40 39 38 37 36 35 34 33 32 53 74 73 72 71 50 49 48 47 46 45 44 23 2 1 



642. Najlepsza waga dla 1512078273, WVZMB dla paczek:
131 34 22 125 
to: (185) 
A najlepsza droga dla 1512078273, WVZMB to: 
2 3 4 5 6 7 8 9 10 11 32 33 34 35 36 37 58 79 80 81 82 83 104 125 124 145 144 143 142 141 140 119 118 117 116 115 114 113 134 133 132 131 110 89 68 67 46 45 44 23 22 1 



643. Najlepsza waga dla 1512079321, XTSBS dla paczek:
160 112 70 
to: (109) 
A najlepsza droga dla 1512079321, XTSBS to: 
2 23 44 45 46 47 48 49 50 71 92 93 94 95 116 117 138 139 160 139 138 117 116 115 114 113 112 91 70 49 48 47 46 45 44 23 2 1 



644. Najlepsza waga dla 1512080492, POPTF dla paczek:
92 157 
to: (100) 
A najlepsza droga dla 1512080492, POPTF to: 
2 23 44 45 46 47 48 49 50 71 92 113 134 135 136 157 136 135 134 113 92 71 50 49 48 47 46 45 44 23 2 1 



645. Najlepsza waga dla 1512081096, ZPJSB dla paczek:
139 20 
to: (184) 
A najlepsza droga dla 1512081096, ZPJSB to: 
2 23 44 45 46 47 48 49 50 71 92 93 94 95 116 117 138 139 140 119 98 99 78 79 58 37 16 17 18 19 20 19 18 17 16 15 36 35 34 33 32 11 10 9 8 7 6 5 4 3 2 1 



646. Najlepsza waga dla 1512082338, STVXL dla paczek:
137 
to: (100) 
A najlepsza droga dla 1512082338, STVXL to: 
2 23 44 45 46 47 48 49 50 71 92 113 134 135 136 137 136 135 134 113 92 71 50 49 48 47 46 45 44 23 2 1 



647. Najlepsza waga dla 1512082771, DGECF dla paczek:
54 80 72 
to: (139) 
A najlepsza droga dla 1512082771, DGECF to: 
2 3 4 5 6 7 8 9 10 11 32 33 34 35 36 37 58 79 80 79 58 37 36 35 34 33 54 53 74 73 72 71 50 49 48 47 46 45 44 23 2 1 



648. Najlepsza waga dla 1512083447, SSWCM dla paczek:
24 
to: (28) 
A najlepsza droga dla 1512083447, SSWCM to: 
2 23 24 23 2 1 



649. Najlepsza waga dla 1512084723, RCSOO dla paczek:
96 
to: (84) 
A najlepsza droga dla 1512084723, RCSOO to: 
2 23 44 45 46 47 48 49 50 71 92 93 94 95 96 95 94 93 92 71 50 49 48 47 46 45 44 23 2 1 



650. Najlepsza waga dla 1512084918, JSJQT dla paczek:
28 91 81 144 
to: (170) 
A najlepsza droga dla 1512084918, JSJQT to: 
2 23 44 45 46 47 26 27 28 29 30 9 10 11 32 33 34 35 36 37 58 79 80 81 82 103 124 145 144 143 142 141 140 119 118 117 116 95 94 93 92 91 70 49 48 47 46 45 44 23 2 1 



651. Najlepsza waga dla 1512086059, LWSSZ dla paczek:
68 25 136 
to: (94) 
A najlepsza droga dla 1512086059, LWSSZ to: 
2 23 44 45 46 67 68 69 48 49 50 71 92 113 134 135 136 135 134 113 92 71 50 49 48 47 26 25 4 3 2 1 



652. Najlepsza waga dla 1512086654, IDEWX dla paczek:
128 93 86 73 
to: (109) 
A najlepsza droga dla 1512086654, IDEWX to: 
2 23 44 65 86 107 128 129 130 151 152 153 132 133 134 113 92 93 94 73 72 71 50 49 48 47 46 45 44 23 2 1 



653. Najlepsza waga dla 1512087927, EGFJU dla paczek:
156 
to: (96) 
A najlepsza droga dla 1512087927, EGFJU to: 
2 23 44 45 46 47 48 49 50 71 92 113 134 155 156 155 134 113 92 71 50 49 48 47 46 45 44 23 2 1 



654. Najlepsza waga dla 1512089367, EKEZH dla paczek:
105 23 
to: (163) 
A najlepsza droga dla 1512089367, EKEZH to: 
2 3 4 5 6 7 8 9 10 11 32 33 34 35 36 37 58 79 80 81 82 83 104 105 104 83 82 81 80 79 58 37 36 35 34 33 32 11 10 9 30 29 50 49 48 47 46 45 44 23 2 1 



655. Najlepsza waga dla 1512090251, JZNAS dla paczek:
109 169 
to: (93) 
A najlepsza droga dla 1512090251, JZNAS to: 
2 23 44 45 66 87 108 109 108 129 128 149 170 169 170 149 128 127 106 85 64 65 44 23 2 1 



656. Najlepsza waga dla 1512091101, TAERF dla paczek:
146 47 86 
to: (174) 
A najlepsza droga dla 1512091101, TAERF to: 
2 23 44 45 46 47 48 49 50 71 92 93 94 95 116 117 118 119 140 141 142 163 164 165 144 145 146 145 144 143 142 141 140 119 118 117 116 95 74 73 72 71 50 49 48 47 46 67 66 65 86 65 44 23 2 1 



657. Najlepsza waga dla 1512092258, JONGY dla paczek:
153 18 111 17 
to: (186) 
A najlepsza droga dla 1512092258, JONGY to: 
2 3 4 5 6 7 8 9 10 11 32 33 34 35 36 15 16 17 18 17 16 15 36 35 34 33 32 53 74 95 94 93 92 113 134 133 132 153 132 111 90 69 68 67 46 45 44 23 2 1 



658. Najlepsza waga dla 1512093136, DDERH dla paczek:
15 44 62 
to: (157) 
A najlepsza droga dla 1512093136, DDERH to: 
2 3 4 5 6 7 8 9 10 11 32 33 34 35 36 15 36 37 38 39 40 61 62 61 40 39 38 37 36 35 34 33 32 11 10 9 30 29 50 49 48 47 46 45 44 23 2 1 



659. Najlepsza waga dla 1512093924, FSHPZ dla paczek:
35 131 114 
to: (131) 
A najlepsza droga dla 1512093924, FSHPZ to: 
2 3 4 5 6 7 8 9 10 11 32 33 34 35 34 33 32 53 74 95 116 115 114 113 134 133 132 131 110 89 68 67 46 45 44 23 2 1 



660. Najlepsza waga dla 1512094043, UDHAJ dla paczek:
94 
to: (70) 
A najlepsza droga dla 1512094043, UDHAJ to: 
2 23 44 45 46 47 48 49 50 71 92 93 94 93 92 71 50 49 48 47 46 45 44 23 2 1 



661. Najlepsza waga dla 1512095232, HFCQS dla paczek:
89 89 41 
to: (173) 
A najlepsza droga dla 1512095232, HFCQS to: 
2 23 44 45 46 67 68 89 110 111 112 91 92 93 94 95 74 53 32 33 34 35 36 37 38 39 40 41 40 39 38 37 36 35 34 33 32 11 10 9 8 7 6 5 4 3 2 1 



662. Najlepsza waga dla 1512095910, POPTF dla paczek:
113 129 114 
to: (99) 
A najlepsza droga dla 1512095910, POPTF to: 
2 23 44 45 46 47 48 49 50 71 92 113 114 113 134 133 132 153 152 151 130 129 108 87 66 45 44 23 2 1 



663. Najlepsza waga dla 1512095919, LOPDR dla paczek:
88 
to: (58) 
A najlepsza droga dla 1512095919, LOPDR to: 
2 23 44 45 46 67 88 67 46 45 44 23 2 1 



664. Najlepsza waga dla 1512097166, YFCRU dla paczek:
144 
to: (144) 
A najlepsza droga dla 1512097166, YFCRU to: 
2 23 44 45 46 47 48 49 50 71 92 93 94 95 116 117 118 119 140 141 142 163 164 165 144 143 142 141 140 119 118 117 116 95 74 73 72 71 50 49 48 47 46 45 44 23 2 1 



665. Najlepsza waga dla 1512097435, PRUFP dla paczek:
168 16 136 
to: (200) 
A najlepsza droga dla 1512097435, PRUFP to: 
2 3 4 5 6 7 8 9 10 11 32 33 34 35 36 15 16 37 58 79 100 121 142 143 144 145 146 167 168 167 146 145 144 143 142 141 140 119 118 117 116 115 136 135 134 113 92 71 50 49 48 47 46 45 44 23 2 1 



666. Najlepsza waga dla 1512098548, MWTUS dla paczek:
119 112 88 
to: (118) 
A najlepsza droga dla 1512098548, MWTUS to: 
2 23 44 45 46 47 48 49 50 71 92 93 94 95 116 117 118 119 118 117 116 115 114 113 112 111 110 89 88 67 46 45 44 23 2 1 



667. Najlepsza waga dla 1512098843, QQQFR dla paczek:
90 138 
to: (105) 
A najlepsza droga dla 1512098843, QQQFR to: 
2 23 44 45 46 67 68 69 90 91 92 93 94 95 116 117 138 117 116 95 74 73 72 71 50 49 48 47 46 45 44 23 2 1 



668. Najlepsza waga dla 1512098899, UEPZT dla paczek:
112 73 107 91 
to: (97) 
A najlepsza droga dla 1512098899, UEPZT to: 
2 23 44 45 46 47 48 49 50 71 72 73 94 93 92 91 112 111 110 109 108 107 86 65 44 23 2 1 



669. Najlepsza waga dla 1512099921, TGOSM dla paczek:
130 159 47 
to: (133) 
A najlepsza droga dla 1512099921, TGOSM to: 
2 23 44 45 66 87 108 109 130 131 132 133 134 113 114 115 116 117 138 159 138 117 116 95 74 73 72 71 50 49 48 47 46 45 44 23 2 1 



670. Najlepsza waga dla 1512100336, QEPWP dla paczek:
112 
to: (72) 
A najlepsza droga dla 1512100336, QEPWP to: 
2 23 44 45 46 47 48 49 70 91 112 91 70 49 48 47 46 45 44 23 2 1 



671. Najlepsza waga dla 1512101386, XUFXL dla paczek:
25 148 
to: (101) 
A najlepsza droga dla 1512101386, XUFXL to: 
2 3 4 25 26 47 46 67 66 65 64 85 106 127 148 127 106 85 64 65 44 23 2 1 



672. Najlepsza waga dla 1512102639, ZUHRI dla paczek:
74 
to: (78) 
A najlepsza droga dla 1512102639, ZUHRI to: 
2 23 44 45 46 47 48 49 50 71 72 73 74 73 72 71 50 49 48 47 46 45 44 23 2 1 



673. Najlepsza waga dla 1512103273, KLOJK dla paczek:
94 
to: (70) 
A najlepsza droga dla 1512103273, KLOJK to: 
2 23 44 45 46 47 48 49 50 71 92 93 94 93 92 71 50 49 48 47 46 45 44 23 2 1 



674. Najlepsza waga dla 1512104161, LOPDR dla paczek:
39 162 133 108 
to: (176) 
A najlepsza droga dla 1512104161, LOPDR to: 
2 3 4 5 6 7 8 9 10 11 32 33 34 35 36 37 38 39 38 37 58 79 100 121 142 141 162 161 160 139 138 117 116 115 114 113 134 133 132 131 110 109 108 87 66 45 44 23 2 1 



675. Najlepsza waga dla 1512105262, BHRUX dla paczek:
35 102 
to: (148) 
A najlepsza droga dla 1512105262, BHRUX to: 
2 3 4 5 6 7 8 9 10 11 32 33 34 35 36 57 78 99 100 101 102 101 100 99 98 119 118 117 116 95 74 73 72 71 50 49 48 47 46 45 44 23 2 1 



676. Najlepsza waga dla 1512105804, XVSFV dla paczek:
115 137 63 166 
to: (190) 
A najlepsza droga dla 1512105804, XVSFV to: 
2 23 44 45 46 47 48 49 50 71 92 93 94 115 136 137 138 139 160 161 162 163 164 165 166 167 146 125 104 83 84 63 62 61 40 39 38 37 36 35 34 33 32 11 10 9 8 7 6 5 4 3 2 1 



677. Najlepsza waga dla 1512107223, EGYLU dla paczek:
25 103 19 
to: (178) 
A najlepsza droga dla 1512107223, EGYLU to: 
2 3 4 25 26 47 48 49 50 71 72 73 74 95 116 117 118 119 98 99 100 101 102 103 82 61 40 19 18 17 16 15 36 35 34 33 32 11 10 9 8 7 6 5 4 3 2 1 



678. Najlepsza waga dla 1512108255, JZNAS dla paczek:
137 165 40 
to: (181) 
A najlepsza droga dla 1512108255, JZNAS to: 
2 23 44 45 46 47 48 49 50 71 92 113 134 135 136 137 138 139 160 161 162 163 164 165 144 145 124 103 82 61 40 39 38 37 36 35 34 33 32 11 10 9 8 7 6 5 4 3 2 1 



679. Najlepsza waga dla 1512108871, XALHC dla paczek:
145 112 
to: (157) 
A najlepsza droga dla 1512108871, XALHC to: 
2 23 44 45 46 47 48 49 50 71 92 93 94 95 116 117 118 119 140 141 142 163 164 165 144 145 144 143 142 141 140 119 118 117 116 115 114 113 112 91 70 49 48 47 46 45 44 23 2 1 



680. Najlepsza waga dla 1512109404, POPTF dla paczek:
69 92 119 
to: (105) 
A najlepsza droga dla 1512109404, POPTF to: 
2 23 44 45 46 67 68 69 48 49 50 71 92 93 94 95 116 117 118 119 118 117 116 95 94 93 92 71 50 49 48 47 46 45 44 23 2 1 



681. Najlepsza waga dla 1512109949, EGFJU dla paczek:
113 24 
to: (77) 
A najlepsza droga dla 1512109949, EGFJU to: 
2 23 44 45 46 47 48 49 50 71 92 113 92 71 50 49 48 47 26 25 24 23 2 1 



682. Najlepsza waga dla 1512111268, QHNEK dla paczek:
83 101 113 
to: (160) 
A najlepsza droga dla 1512111268, QHNEK to: 
2 3 4 5 6 7 8 9 10 11 32 33 34 35 36 37 58 79 80 81 82 83 82 81 102 101 100 99 98 119 118 117 116 115 114 113 92 71 50 49 48 47 46 45 44 23 2 1 



683. Najlepsza waga dla 1512112201, FARQP dla paczek:
47 70 168 164 
to: (170) 
A najlepsza droga dla 1512112201, FARQP to: 
2 23 44 45 46 47 48 49 70 91 92 93 94 95 116 117 118 119 140 141 142 163 164 165 144 145 146 167 168 167 146 145 144 165 164 163 142 141 140 119 118 117 116 95 94 93 92 71 50 49 48 47 46 45 44 23 2 1 



684. Najlepsza waga dla 1512113151, CNERU dla paczek:
147 80 15 
to: (185) 
A najlepsza droga dla 1512113151, CNERU to: 
2 23 44 45 46 47 48 49 50 71 92 93 94 95 116 117 118 119 140 141 142 163 164 165 144 145 146 147 126 105 104 83 82 81 80 79 58 37 36 15 36 35 34 33 32 11 10 9 8 7 6 5 4 3 2 1 



685. Najlepsza waga dla 1512114615, CNERU dla paczek:
67 70 135 25 
to: (92) 
A najlepsza droga dla 1512114615, CNERU to: 
2 23 44 45 46 67 68 69 70 91 92 113 134 135 134 113 92 71 50 49 48 47 26 25 4 3 2 1 



686. Najlepsza waga dla 1512115146, VSMOF dla paczek:
17 29 148 
to: (192) 
A najlepsza droga dla 1512115146, VSMOF to: 
2 23 44 45 46 47 48 49 50 29 30 9 10 11 32 33 34 35 36 15 16 17 16 15 36 35 34 33 32 53 74 95 94 93 92 113 134 133 132 131 130 129 128 127 148 127 106 85 64 65 44 23 2 1 



687. Najlepsza waga dla 1512116383, BEOOF dla paczek:
111 
to: (72) 
A najlepsza droga dla 1512116383, BEOOF to: 
2 23 44 45 46 67 68 69 90 111 90 69 68 67 46 45 44 23 2 1 



688. Najlepsza waga dla 1512117483, CBJLY dla paczek:
168 21 147 
to: (201) 
A najlepsza droga dla 1512117483, CBJLY to: 
2 23 44 45 46 47 48 49 50 71 92 93 94 95 116 117 118 119 140 141 142 163 164 165 144 145 146 167 168 147 126 105 104 83 84 63 42 21 42 41 40 39 38 37 36 35 34 33 32 11 10 9 8 7 6 5 4 3 2 1 



689. Najlepsza waga dla 1512118184, VBVCM dla paczek:
78 81 124 122 
to: (171) 
A najlepsza droga dla 1512118184, VBVCM to: 
2 3 4 5 6 7 8 9 10 11 32 33 34 35 36 57 78 79 80 81 82 103 124 145 144 143 122 121 142 141 140 119 118 117 116 95 94 93 92 71 50 49 48 47 46 45 44 23 2 1 



690. Najlepsza waga dla 1512118486, IDEWX dla paczek:
18 84 
to: (174) 
A najlepsza droga dla 1512118486, IDEWX to: 
2 3 4 5 6 7 8 9 10 11 32 33 34 35 36 15 16 17 18 19 40 61 62 63 84 63 62 61 40 39 38 37 36 35 34 33 32 11 10 9 8 7 6 5 4 3 2 1 



691. Najlepsza waga dla 1512118504, UQIKA dla paczek:
148 65 101 14 
to: (178) 
A najlepsza droga dla 1512118504, UQIKA to: 
2 23 44 65 64 85 106 127 148 127 128 129 130 131 132 133 134 113 114 115 116 117 118 119 98 99 100 101 100 99 78 57 36 35 14 35 34 33 32 11 10 9 8 7 6 5 4 3 2 1 



692. Najlepsza waga dla 1512119664, UBQWA dla paczek:
117 
to: (90) 
A najlepsza droga dla 1512119664, UBQWA to: 
2 23 44 45 46 47 48 49 50 71 92 93 94 95 116 117 116 95 94 93 92 71 50 49 48 47 46 45 44 23 2 1 



693. Najlepsza waga dla 1512120128, BHRTA dla paczek:
99 102 84 
to: (162) 
A najlepsza droga dla 1512120128, BHRTA to: 
2 23 44 45 46 47 48 49 50 71 92 93 94 95 116 117 118 119 98 99 100 101 102 81 82 83 84 63 62 61 40 39 38 37 36 35 34 33 32 11 10 9 8 7 6 5 4 3 2 1 



694. Najlepsza waga dla 1512120906, PUCOQ dla paczek:
168 141 60 15 
to: (196) 
A najlepsza droga dla 1512120906, PUCOQ to: 
2 23 44 45 46 47 48 49 50 71 92 93 94 95 116 117 118 119 140 141 142 143 144 145 146 167 168 167 146 125 104 83 82 81 60 59 58 37 36 15 36 35 34 33 32 11 10 9 8 7 6 5 4 3 2 1 



695. Najlepsza waga dla 1512121101, TIOZO dla paczek:
59 130 70 83 
to: (191) 
A najlepsza droga dla 1512121101, TIOZO to: 
2 23 44 45 66 87 108 109 130 131 132 133 134 113 114 115 116 117 118 119 98 99 100 101 102 81 82 83 82 81 80 59 58 37 36 35 34 33 32 11 10 9 30 29 50 49 70 49 48 47 46 45 44 23 2 1 



696. Najlepsza waga dla 1512122533, CNERU dla paczek:
41 92 163 
to: (174) 
A najlepsza droga dla 1512122533, CNERU to: 
2 3 4 5 6 7 8 9 10 11 32 33 34 35 36 37 38 39 40 41 40 39 38 37 58 79 100 121 142 163 142 141 140 119 118 117 116 95 94 93 92 71 50 49 48 47 46 45 44 23 2 1 



697. Najlepsza waga dla 1512123212, DJLJT dla paczek:
85 13 118 
to: (139) 
A najlepsza droga dla 1512123212, DJLJT to: 
2 23 44 65 64 85 64 65 66 67 46 47 48 49 50 71 92 93 94 95 116 117 118 117 116 95 74 53 32 33 34 13 12 11 10 9 8 7 6 5 4 3 2 1 



698. Najlepsza waga dla 1512123320, MWTUS dla paczek:
147 
to: (164) 
A najlepsza droga dla 1512123320, MWTUS to: 
2 23 44 45 46 47 48 49 50 71 92 93 94 95 116 117 118 119 140 141 142 163 164 165 144 145 146 147 146 145 144 143 142 141 140 119 118 117 116 95 74 73 72 71 50 49 48 47 46 45 44 23 2 1 



699. Najlepsza waga dla 1512123906, JDCDX dla paczek:
59 67 91 
to: (144) 
A najlepsza droga dla 1512123906, JDCDX to: 
2 3 4 5 6 7 8 9 10 11 32 33 34 35 36 37 58 59 58 37 36 35 34 33 32 53 74 95 94 93 92 91 70 69 68 67 46 45 44 23 2 1 



700. Najlepsza waga dla 1512124845, UEPZT dla paczek:
68 120 
to: (123) 
A najlepsza droga dla 1512124845, UEPZT to: 
2 23 44 45 46 67 68 69 48 49 50 71 72 73 74 95 116 117 118 119 120 119 118 117 116 95 74 73 72 71 50 49 48 47 46 45 44 23 2 1 



701. Najlepsza waga dla 1512125522, PXCFO dla paczek:
61 77 
to: (158) 
A najlepsza droga dla 1512125522, PXCFO to: 
2 3 4 5 6 7 8 9 10 11 32 33 34 35 36 37 38 39 40 61 40 39 38 37 58 57 56 77 76 75 74 73 72 71 50 49 48 47 46 45 44 23 2 1 



702. Najlepsza waga dla 1512126469, OUJGO dla paczek:
158 
to: (110) 
A najlepsza droga dla 1512126469, OUJGO to: 
2 23 44 45 46 47 48 49 50 71 92 113 134 135 136 157 158 157 136 135 134 113 92 71 50 49 48 47 46 45 44 23 2 1 



