1. Najlepsza waga dla 1511610232, ADKVV dla paczek:
63 97 130 
to: (185) 
A najlepsza droga dla 1511610232, ADKVV to: 
2 3 4 5 6 7 8 9 10 11 32 33 34 35 36 37 38 39 40 61 62 63 84 83 82 81 102 101 100 99 98 97 118 117 116 115 114 113 134 133 132 131 130 109 108 87 66 45 44 23 2 1 



2. Najlepsza waga dla 1511610270, GHSGJ dla paczek:
51 15 
to: (114) 
A najlepsza droga dla 1511610270, GHSGJ to: 
2 23 44 45 46 47 48 49 50 51 30 9 10 11 32 33 34 35 36 15 36 35 34 33 32 11 10 9 8 7 6 5 4 3 2 1 



3. Najlepsza waga dla 1511611496, FVQCJ dla paczek:
166 
to: (150) 
A najlepsza droga dla 1511611496, FVQCJ to: 
2 23 44 45 46 47 48 49 50 71 92 93 94 95 116 117 118 119 140 141 142 163 164 165 166 165 164 163 142 141 140 119 118 117 116 95 94 93 92 71 50 49 48 47 46 45 44 23 2 1 



4. Najlepsza waga dla 1511612252, ZFNPS dla paczek:
59 157 
to: (164) 
A najlepsza droga dla 1511612252, ZFNPS to: 
2 3 4 5 6 7 8 9 10 11 32 33 34 35 36 37 58 59 80 79 78 99 98 119 118 117 116 115 136 157 136 135 134 113 92 71 50 49 48 47 46 45 44 23 2 1 



5. Najlepsza waga dla 1511613358, ADIST dla paczek:
22 134 70 
to: (77) 
A najlepsza droga dla 1511613358, ADIST to: 
22 23 44 45 46 47 48 49 50 71 92 113 134 113 92 91 70 49 48 47 46 45 44 23 2 1 



6. Najlepsza waga dla 1511614426, DGECF dla paczek:
35 99 
to: (122) 
A najlepsza droga dla 1511614426, DGECF to: 
2 3 4 5 6 7 8 9 10 11 32 33 34 35 36 57 78 99 98 119 118 117 116 95 74 73 72 71 50 49 48 47 46 45 44 23 2 1 



7. Najlepsza waga dla 1511615601, LVNEF dla paczek:
130 55 112 36 
to: (148) 
A najlepsza droga dla 1511615601, LVNEF to: 
2 23 44 45 66 87 108 109 130 131 110 111 112 91 92 93 94 95 74 75 76 55 34 35 36 35 34 33 32 11 10 9 8 7 6 5 4 3 2 1 



8. Najlepsza waga dla 1511617004, RWJLG dla paczek:
82 
to: (150) 
A najlepsza droga dla 1511617004, RWJLG to: 
2 3 4 5 6 7 8 9 10 11 32 33 34 35 36 37 58 79 80 81 82 81 80 79 58 37 36 35 34 33 32 11 10 9 8 7 6 5 4 3 2 1 



9. Najlepsza waga dla 1511617035, KJXWP dla paczek:
106 137 84 35 
to: (195) 
A najlepsza droga dla 1511617035, KJXWP to: 
2 23 44 65 64 85 106 107 108 109 130 151 152 153 132 133 134 135 136 137 116 117 118 119 98 99 100 101 102 81 82 83 84 63 62 61 40 39 38 37 36 35 34 33 32 11 10 9 8 7 6 5 4 3 2 1 



10. Najlepsza waga dla 1511618120, LGXFM dla paczek:
135 
to: (84) 
A najlepsza droga dla 1511618120, LGXFM to: 
2 23 44 45 46 47 48 49 50 71 92 113 134 135 134 113 92 71 50 49 48 47 46 45 44 23 2 1 



11. Najlepsza waga dla 1511618767, HYKKU dla paczek:
123 130 
to: (175) 
A najlepsza droga dla 1511618767, HYKKU to: 
2 23 44 45 46 47 48 49 50 71 92 93 94 95 116 117 118 119 98 99 100 101 102 123 102 101 100 99 98 119 118 117 116 115 114 113 134 133 132 131 130 109 108 87 66 45 44 23 2 1 



12. Najlepsza waga dla 1511619274, BEOOF dla paczek:
89 86 
to: (72) 
A najlepsza droga dla 1511619274, BEOOF to: 
2 23 44 45 46 67 68 89 88 87 86 65 44 23 2 1 



13. Najlepsza waga dla 1511620396, BZFXR dla paczek:
147 143 
to: (164) 
A najlepsza droga dla 1511620396, BZFXR to: 
2 23 44 45 46 47 48 49 50 71 92 93 94 95 116 117 118 119 140 141 142 163 164 165 144 145 146 147 146 145 144 143 142 141 140 119 118 117 116 95 74 73 72 71 50 49 48 47 46 45 44 23 2 1 



14. Najlepsza waga dla 1511620701, ITPXM dla paczek:
42 109 
to: (186) 
A najlepsza droga dla 1511620701, ITPXM to: 
2 3 4 5 6 7 8 9 10 11 32 33 34 35 36 37 38 39 40 41 42 41 40 39 38 37 36 35 34 33 32 53 74 95 94 93 92 91 112 111 110 109 108 87 66 45 44 23 2 1 



15. Najlepsza waga dla 1511621703, UEPZT dla paczek:
86 128 39 
to: (170) 
A najlepsza droga dla 1511621703, UEPZT to: 
2 23 44 65 86 107 128 129 130 151 152 153 132 133 134 113 92 93 94 95 74 53 32 33 34 35 36 37 38 39 38 37 36 35 34 33 32 11 10 9 8 7 6 5 4 3 2 1 



16. Najlepsza waga dla 1511622656, GHSGJ dla paczek:
70 39 
to: (137) 
A najlepsza droga dla 1511622656, GHSGJ to: 
2 23 44 45 46 47 48 49 70 49 50 29 30 9 10 11 32 33 34 35 36 37 38 39 38 37 36 35 34 33 32 11 10 9 8 7 6 5 4 3 2 1 



17. Najlepsza waga dla 1511623937, HHHWI dla paczek:
43 
to: (32) 
A najlepsza droga dla 1511623937, HHHWI to: 
22 43 22 1 



18. Najlepsza waga dla 1511624044, JZNAS dla paczek:
125 102 
to: (167) 
A najlepsza droga dla 1511624044, JZNAS to: 
2 23 44 45 46 47 48 49 50 71 92 93 94 95 116 117 118 119 140 141 142 163 164 165 144 145 124 125 124 103 102 101 100 99 98 119 118 117 116 95 74 73 72 71 50 49 48 47 46 45 44 23 2 1 



19. Najlepsza waga dla 1511625038, UBQWA dla paczek:
122 69 87 118 
to: (164) 
A najlepsza droga dla 1511625038, UBQWA to: 
2 23 44 45 46 47 48 49 50 71 92 93 94 95 116 117 118 119 140 141 142 121 122 121 142 141 140 119 118 117 116 95 94 93 92 91 70 69 68 67 66 87 66 45 44 23 2 1 



20. Najlepsza waga dla 1511626258, GAQLQ dla paczek:
114 77 46 37 
to: (137) 
A najlepsza droga dla 1511626258, GAQLQ to: 
2 23 44 45 46 47 48 49 50 71 92 113 114 115 116 117 118 97 76 77 56 57 58 37 36 35 34 33 32 11 10 9 8 7 6 5 4 3 2 1 



21. Najlepsza waga dla 1511626524, CNERU dla paczek:
147 140 24 
to: (169) 
A najlepsza droga dla 1511626524, CNERU to: 
2 23 44 45 46 47 48 49 50 71 92 93 94 95 116 117 118 119 140 141 142 163 164 165 144 145 146 147 146 145 144 143 142 141 140 119 118 117 116 95 74 73 72 71 50 49 48 47 26 25 24 23 2 1 



22. Najlepsza waga dla 1511626538, LRHNY dla paczek:
127 136 68 
to: (113) 
A najlepsza droga dla 1511626538, LRHNY to: 
2 23 44 65 64 85 106 127 128 129 130 151 152 153 132 133 134 135 136 135 134 113 92 91 70 69 68 67 46 45 44 23 2 1 



23. Najlepsza waga dla 1511627659, LGXFM dla paczek:
134 113 
to: (74) 
A najlepsza droga dla 1511627659, LGXFM to: 
2 23 44 45 46 47 48 49 50 71 92 113 134 113 92 71 50 49 48 47 46 45 44 23 2 1 



24. Najlepsza waga dla 1511628186, QGTKX dla paczek:
151 129 
to: (78) 
A najlepsza droga dla 1511628186, QGTKX to: 
2 23 44 45 66 87 108 109 130 151 130 129 108 87 66 45 44 23 2 1 



25. Najlepsza waga dla 1511629160, ZUHRI dla paczek:
46 48 31 154 
to: (116) 
A najlepsza droga dla 1511629160, ZUHRI to: 
2 23 44 45 46 47 48 49 50 29 30 31 30 29 50 71 92 113 134 155 154 155 134 113 92 71 50 49 48 47 46 45 44 23 2 1 



26. Najlepsza waga dla 1511630035, VXUFJ dla paczek:
78 
to: (118) 
A najlepsza droga dla 1511630035, VXUFJ to: 
2 3 4 5 6 7 8 9 10 11 32 33 34 35 36 57 78 57 36 35 34 33 32 11 10 9 8 7 6 5 4 3 2 1 



27. Najlepsza waga dla 1511630799, OAQQJ dla paczek:
25 49 152 
to: (94) 
A najlepsza droga dla 1511630799, OAQQJ to: 
2 3 4 25 26 47 48 49 50 71 92 113 134 133 132 153 152 151 130 109 108 87 66 45 44 23 2 1 



28. Najlepsza waga dla 1511632283, AMLTU dla paczek:
113 45 165 
to: (142) 
A najlepsza droga dla 1511632283, AMLTU to: 
2 23 44 45 46 47 48 49 50 71 92 113 114 115 116 117 118 119 140 141 142 163 164 165 164 163 142 141 140 119 118 117 116 95 74 73 72 71 50 49 48 47 46 45 44 23 2 1 



29. Najlepsza waga dla 1511633175, ZCIVT dla paczek:
136 105 
to: (172) 
A najlepsza droga dla 1511633175, ZCIVT to: 
2 23 44 45 46 47 48 49 50 71 92 113 134 135 136 115 116 117 118 119 98 99 100 101 102 81 82 83 104 105 104 83 82 81 80 79 58 37 36 35 34 33 32 11 10 9 8 7 6 5 4 3 2 1 



30. Najlepsza waga dla 1511634033, TIOZO dla paczek:
63 159 46 26 
to: (186) 
A najlepsza droga dla 1511634033, TIOZO to: 
2 3 4 5 6 7 8 9 10 11 32 33 34 35 36 37 38 39 40 61 62 63 84 83 82 81 102 101 100 99 98 119 118 117 138 159 138 117 116 95 74 73 72 71 50 49 48 47 26 47 46 45 44 23 2 1 



31. Najlepsza waga dla 1511634124, BDVWM dla paczek:
98 95 108 
to: (136) 
A najlepsza droga dla 1511634124, BDVWM to: 
2 23 44 45 46 47 48 49 50 71 92 93 94 95 116 117 118 119 98 119 118 117 116 115 114 113 112 111 110 109 108 87 66 45 44 23 2 1 



32. Najlepsza waga dla 1511634432, PJZZQ dla paczek:
74 136 70 
to: (98) 
A najlepsza droga dla 1511634432, PJZZQ to: 
2 23 44 45 46 47 48 49 50 71 72 73 74 95 116 115 136 135 134 113 92 91 70 49 48 47 46 45 44 23 2 1 



33. Najlepsza waga dla 1511635666, IVLOL dla paczek:
55 74 101 
to: (136) 
A najlepsza droga dla 1511635666, IVLOL to: 
2 3 4 5 6 7 8 9 10 11 32 53 54 55 56 77 98 99 100 101 100 99 98 119 118 117 116 95 74 73 72 71 50 49 48 47 46 45 44 23 2 1 



34. Najlepsza waga dla 1511636109, CFJNU dla paczek:
103 13 
to: (160) 
A najlepsza droga dla 1511636109, CFJNU to: 
2 23 44 45 46 47 48 49 50 71 92 93 94 95 116 117 118 119 98 99 100 101 102 103 82 81 80 79 58 37 36 35 34 13 12 11 10 9 8 7 6 5 4 3 2 1 



35. Najlepsza waga dla 1511636194, ZPJSB dla paczek:
81 67 54 157 
to: (184) 
A najlepsza droga dla 1511636194, ZPJSB to: 
2 23 44 45 46 67 46 47 48 49 50 71 92 113 134 135 136 157 136 115 116 117 118 119 98 99 100 101 102 81 80 79 58 37 36 35 34 33 54 53 32 11 10 9 8 7 6 5 4 3 2 1 



36. Najlepsza waga dla 1511637054, CNERU dla paczek:
20 112 
to: (179) 
A najlepsza droga dla 1511637054, CNERU to: 
2 3 4 5 6 7 8 9 10 11 32 33 34 35 36 15 16 17 18 19 20 19 18 17 16 15 36 35 34 33 32 53 74 95 94 93 92 91 112 91 70 49 48 47 46 45 44 23 2 1 



37. Najlepsza waga dla 1511638162, PFKOO dla paczek:
111 24 136 128 
to: (123) 
A najlepsza droga dla 1511638162, PFKOO to: 
2 23 24 25 26 47 48 69 90 111 112 113 134 135 136 135 134 133 132 131 130 129 128 127 106 85 64 65 44 23 2 1 



38. Najlepsza waga dla 1511639464, EGFJU dla paczek:
135 89 
to: (98) 
A najlepsza droga dla 1511639464, EGFJU to: 
2 23 44 45 46 47 48 49 50 71 92 113 134 135 134 133 132 131 110 89 68 67 46 45 44 23 2 1 



39. Najlepsza waga dla 1511639968, MHWIJ dla paczek:
35 126 
to: (176) 
A najlepsza droga dla 1511639968, MHWIJ to: 
2 3 4 5 6 7 8 9 10 11 32 33 34 35 36 37 58 79 80 81 82 83 104 125 126 125 124 145 144 143 142 141 140 119 118 117 116 95 94 93 92 71 50 49 48 47 46 45 44 23 2 1 



40. Najlepsza waga dla 1511641037, QRYDL dla paczek:
129 103 
to: (173) 
A najlepsza droga dla 1511641037, QRYDL to: 
2 23 44 45 66 87 108 129 130 151 152 153 132 133 134 113 114 115 116 117 118 119 98 99 100 101 102 103 102 101 100 99 98 119 118 117 116 95 74 73 72 71 50 49 48 47 46 45 44 23 2 1 



41. Najlepsza waga dla 1511641825, BHRTA dla paczek:
14 
to: (104) 
A najlepsza droga dla 1511641825, BHRTA to: 
2 3 4 5 6 7 8 9 10 11 32 33 34 35 14 35 34 33 32 11 10 9 8 7 6 5 4 3 2 1 



42. Najlepsza waga dla 1511642026, AEZQI dla paczek:
81 90 
to: (161) 
A najlepsza droga dla 1511642026, AEZQI to: 
2 3 4 5 6 7 8 9 10 11 32 33 34 35 36 37 58 79 80 81 102 101 100 99 98 119 118 117 116 95 94 93 92 91 90 69 68 67 46 45 44 23 2 1 



43. Najlepsza waga dla 1511643362, NQJFX dla paczek:
85 79 108 
to: (148) 
A najlepsza droga dla 1511643362, NQJFX to: 
2 23 44 65 64 85 106 107 108 109 110 111 112 91 92 93 94 95 74 53 32 33 34 35 36 37 58 79 58 37 36 35 34 33 32 11 10 9 8 7 6 5 4 3 2 1 



44. Najlepsza waga dla 1511644231, HFCQS dla paczek:
93 36 
to: (107) 
A najlepsza droga dla 1511644231, HFCQS to: 
2 23 44 45 46 47 48 49 50 71 92 93 94 95 74 53 32 33 34 35 36 35 34 33 32 11 10 9 8 7 6 5 4 3 2 1 



45. Najlepsza waga dla 1511644861, UDHXE dla paczek:
169 147 
to: (205) 
A najlepsza droga dla 1511644861, UDHXE to: 
2 23 44 65 64 85 106 127 128 149 170 169 170 149 150 151 152 153 132 133 134 113 114 115 116 117 118 119 140 141 142 143 144 145 146 147 146 145 144 143 142 141 140 119 118 117 116 95 74 73 72 71 50 49 48 47 46 45 44 23 2 1 



46. Najlepsza waga dla 1511645747, XALHC dla paczek:
35 47 37 
to: (115) 
A najlepsza droga dla 1511645747, XALHC to: 
2 3 4 5 6 7 8 9 10 11 32 33 34 35 36 37 36 35 34 33 32 11 10 9 30 29 50 49 48 47 46 45 44 23 2 1 



47. Najlepsza waga dla 1511647144, ODGDG dla paczek:
25 136 93 65 
to: (98) 
A najlepsza droga dla 1511647144, ODGDG to: 
2 3 4 25 26 47 48 49 50 71 92 113 134 135 136 115 94 93 92 71 50 49 48 47 46 67 66 65 44 23 2 1 



48. Najlepsza waga dla 1511647676, GAQLQ dla paczek:
112 57 
to: (123) 
A najlepsza droga dla 1511647676, GAQLQ to: 
2 23 44 45 46 47 48 49 70 91 112 91 92 93 94 95 74 53 32 33 34 35 36 57 36 35 34 33 32 11 10 9 8 7 6 5 4 3 2 1 



49. Najlepsza waga dla 1511649174, UTIEH dla paczek:
15 
to: (108) 
A najlepsza droga dla 1511649174, UTIEH to: 
2 3 4 5 6 7 8 9 10 11 32 33 34 35 36 15 36 35 34 33 32 11 10 9 8 7 6 5 4 3 2 1 



50. Najlepsza waga dla 1511649179, DDERH dla paczek:
169 158 
to: (139) 
A najlepsza droga dla 1511649179, DDERH to: 
2 23 44 65 64 85 106 127 128 149 170 169 170 171 172 193 194 195 196 217 218 197 198 199 200 179 158 157 136 135 134 113 92 71 50 49 48 47 46 45 44 23 2 1 



51. Najlepsza waga dla 1511650272, ATMVF dla paczek:
168 25 70 140 
to: (173) 
A najlepsza droga dla 1511650272, ATMVF to: 
2 23 44 45 46 47 48 49 50 71 92 93 94 95 116 117 118 119 140 141 142 163 164 165 144 145 146 167 168 167 146 145 144 143 142 141 140 119 118 117 116 95 94 93 92 91 70 49 48 47 26 25 4 3 2 1 



52. Najlepsza waga dla 1511651749, LOPDR dla paczek:
47 67 21 
to: (167) 
A najlepsza droga dla 1511651749, LOPDR to: 
2 23 44 45 46 67 46 47 48 49 50 29 30 9 10 11 32 33 34 35 36 37 38 39 40 41 42 21 42 41 40 39 38 37 36 35 34 33 32 11 10 9 8 7 6 5 4 3 2 1 



53. Najlepsza waga dla 1511652239, VBVCM dla paczek:
115 113 
to: (81) 
A najlepsza droga dla 1511652239, VBVCM to: 
2 23 44 45 46 47 48 49 50 71 92 93 94 115 114 113 92 71 50 49 48 47 46 45 44 23 2 1 



54. Najlepsza waga dla 1511653146, JIJSE dla paczek:
86 77 159 
to: (159) 
A najlepsza droga dla 1511653146, JIJSE to: 
2 23 44 65 86 65 66 67 46 47 48 49 50 71 72 73 74 75 76 77 76 97 118 117 138 159 138 117 116 95 74 73 72 71 50 49 48 47 46 45 44 23 2 1 



55. Najlepsza waga dla 1511654498, ZCIVT dla paczek:
138 112 
to: (103) 
A najlepsza droga dla 1511654498, ZCIVT to: 
2 23 44 45 46 47 48 49 50 71 92 93 94 95 116 117 138 117 116 115 114 113 112 91 70 49 48 47 46 45 44 23 2 1 



56. Najlepsza waga dla 1511655258, HNYIU dla paczek:
14 
to: (104) 
A najlepsza droga dla 1511655258, HNYIU to: 
2 3 4 5 6 7 8 9 10 11 32 33 34 35 14 35 34 33 32 11 10 9 8 7 6 5 4 3 2 1 



57. Najlepsza waga dla 1511655852, GBKMO dla paczek:
168 164 49 
to: (168) 
A najlepsza droga dla 1511655852, GBKMO to: 
2 23 44 45 46 47 48 49 50 71 92 93 94 95 116 117 118 119 140 141 142 163 164 165 144 145 146 167 168 167 146 145 144 165 164 163 142 141 140 119 118 117 116 95 94 93 92 71 50 49 48 47 46 45 44 23 2 1 



58. Najlepsza waga dla 1511657071, MQPIZ dla paczek:
143 46 69 
to: (143) 
A najlepsza droga dla 1511657071, MQPIZ to: 
2 23 44 45 46 47 48 49 50 71 92 93 94 95 116 117 118 119 140 141 142 143 142 141 140 119 118 117 116 95 74 73 72 71 50 49 48 69 68 67 46 45 44 23 2 1 



59. Najlepsza waga dla 1511657473, PKVIU dla paczek:
43 140 163 125 
to: (172) 
A najlepsza droga dla 1511657473, PKVIU to: 
22 43 44 45 46 47 48 49 50 71 72 73 74 95 116 117 118 119 140 141 142 163 164 165 144 145 124 125 124 145 144 143 142 141 140 119 118 117 116 95 74 73 72 71 50 49 48 47 46 45 44 23 2 1 



60. Najlepsza waga dla 1511658517, GAQLQ dla paczek:
30 
to: (58) 
A najlepsza droga dla 1511658517, GAQLQ to: 
2 23 44 45 46 47 48 49 50 29 30 29 50 49 48 47 46 45 44 23 2 1 



61. Najlepsza waga dla 1511658728, EKEZH dla paczek:
123 25 81 106 
to: (186) 
A najlepsza droga dla 1511658728, EKEZH to: 
2 3 4 25 4 5 6 7 8 9 10 11 32 33 34 35 36 37 58 79 80 81 102 123 102 101 100 99 98 119 118 117 116 115 114 113 112 111 110 109 108 107 106 85 64 65 44 23 2 1 



62. Najlepsza waga dla 1511659582, ZPJSB dla paczek:
86 
to: (46) 
A najlepsza droga dla 1511659582, ZPJSB to: 
2 23 44 65 86 65 44 23 2 1 



63. Najlepsza waga dla 1511659602, XVSFV dla paczek:
146 112 
to: (161) 
A najlepsza droga dla 1511659602, XVSFV to: 
2 23 44 45 46 47 48 49 50 71 92 93 94 95 116 117 118 119 140 141 142 163 164 165 144 145 146 145 144 143 142 141 140 119 118 117 116 115 114 113 112 91 70 49 48 47 46 45 44 23 2 1 



64. Najlepsza waga dla 1511660232, TPJHC dla paczek:
82 
to: (150) 
A najlepsza droga dla 1511660232, TPJHC to: 
2 3 4 5 6 7 8 9 10 11 32 33 34 35 36 37 58 79 80 81 82 81 80 79 58 37 36 35 34 33 32 11 10 9 8 7 6 5 4 3 2 1 



65. Najlepsza waga dla 1511660865, WVZMB dla paczek:
158 
to: (110) 
A najlepsza droga dla 1511660865, WVZMB to: 
2 23 44 45 46 47 48 49 50 71 92 113 134 135 136 157 158 157 136 135 134 113 92 71 50 49 48 47 46 45 44 23 2 1 



66. Najlepsza waga dla 1511661187, WUVTI dla paczek:
44 147 108 
to: (184) 
A najlepsza droga dla 1511661187, WUVTI to: 
2 23 44 45 46 47 48 49 50 71 92 93 94 95 116 117 118 119 140 141 142 163 164 165 144 145 146 147 146 145 144 143 142 141 140 119 118 117 116 115 114 113 112 111 110 109 108 87 66 45 44 23 2 1 



67. Najlepsza waga dla 1511662673, PFKOO dla paczek:
121 58 55 114 
to: (148) 
A najlepsza droga dla 1511662673, PFKOO to: 
2 3 4 5 6 7 8 9 10 11 32 53 54 55 56 57 58 79 100 121 142 141 140 119 118 117 116 115 114 113 92 71 50 49 48 47 46 45 44 23 2 1 



68. Najlepsza waga dla 1511663173, LVNEF dla paczek:
107 14 
to: (131) 
A najlepsza droga dla 1511663173, LVNEF to: 
2 23 44 65 64 85 106 107 86 65 66 67 46 47 48 49 50 29 30 9 10 11 32 33 34 35 14 35 34 33 32 11 10 9 8 7 6 5 4 3 2 1 



69. Najlepsza waga dla 1511663991, HHHWI dla paczek:
80 43 19 47 
to: (170) 
A najlepsza droga dla 1511663991, HHHWI to: 
2 3 4 5 6 7 8 9 10 11 32 33 34 35 36 37 58 79 80 59 38 39 18 19 18 17 16 15 36 35 34 33 32 11 10 9 30 29 50 49 48 47 46 45 44 43 22 1 



70. Najlepsza waga dla 1511665276, PJZZQ dla paczek:
158 54 
to: (128) 
A najlepsza droga dla 1511665276, PJZZQ to: 
2 23 44 45 46 47 48 49 50 71 92 113 134 135 136 157 158 137 116 95 74 53 54 53 32 11 10 9 8 7 6 5 4 3 2 1 



71. Najlepsza waga dla 1511665695, MQPIZ dla paczek:
158 15 13 
to: (154) 
A najlepsza droga dla 1511665695, MQPIZ to: 
2 23 44 45 46 47 48 49 50 71 92 113 134 135 136 157 158 137 116 95 74 53 32 33 34 35 36 15 36 35 34 13 12 11 10 9 8 7 6 5 4 3 2 1 



72. Najlepsza waga dla 1511666834, RCSOO dla paczek:
18 
to: (148) 
A najlepsza droga dla 1511666834, RCSOO to: 
2 3 4 5 6 7 8 9 10 11 32 33 34 35 36 15 16 17 18 17 16 15 36 35 34 33 32 11 10 9 8 7 6 5 4 3 2 1 



73. Najlepsza waga dla 1511667831, ITPXM dla paczek:
59 
to: (134) 
A najlepsza droga dla 1511667831, ITPXM to: 
2 3 4 5 6 7 8 9 10 11 32 33 34 35 36 37 58 59 58 37 36 35 34 33 32 11 10 9 8 7 6 5 4 3 2 1 



74. Najlepsza waga dla 1511668069, IEBZI dla paczek:
51 135 
to: (96) 
A najlepsza droga dla 1511668069, IEBZI to: 
2 23 44 45 46 47 48 49 50 51 50 71 92 113 134 135 134 113 92 71 50 49 48 47 46 45 44 23 2 1 



75. Najlepsza waga dla 1511669020, JDCDX dla paczek:
134 102 24 
to: (153) 
A najlepsza droga dla 1511669020, JDCDX to: 
2 23 44 45 46 47 48 49 50 71 92 113 134 113 114 115 116 117 118 119 98 99 100 101 102 101 100 99 98 119 118 117 116 95 74 73 72 71 50 49 48 47 26 25 24 23 2 1 



76. Najlepsza waga dla 1511670130, RWJLG dla paczek:
127 32 30 52 
to: (127) 
A najlepsza droga dla 1511670130, RWJLG to: 
2 23 44 65 64 85 106 127 128 129 130 151 152 153 132 133 134 113 92 93 94 95 74 53 32 53 52 51 30 29 50 49 48 47 46 45 44 23 2 1 



77. Najlepsza waga dla 1511670967, WZQDW dla paczek:
166 123 146 
to: (170) 
A najlepsza droga dla 1511670967, WZQDW to: 
2 23 44 45 46 47 48 49 50 71 92 93 94 95 116 117 118 119 140 141 142 163 164 165 166 167 146 145 144 123 102 101 100 99 98 119 118 117 116 95 74 73 72 71 50 49 48 47 46 45 44 23 2 1 



78. Najlepsza waga dla 1511671149, SHBNP dla paczek:
47 41 
to: (151) 
A najlepsza droga dla 1511671149, SHBNP to: 
2 23 44 45 46 47 48 49 50 29 30 9 10 11 32 33 34 35 36 37 38 39 40 41 40 39 38 37 36 35 34 33 32 11 10 9 8 7 6 5 4 3 2 1 



79. Najlepsza waga dla 1511672346, SHBNP dla paczek:
135 36 
to: (123) 
A najlepsza droga dla 1511672346, SHBNP to: 
2 23 44 45 46 47 48 49 50 71 92 113 134 135 136 115 116 95 74 53 32 33 34 35 36 35 34 33 32 11 10 9 8 7 6 5 4 3 2 1 



80. Najlepsza waga dla 1511673097, FZRFS dla paczek:
51 102 49 90 
to: (165) 
A najlepsza droga dla 1511673097, FZRFS to: 
2 23 44 45 46 47 48 49 50 51 52 53 74 95 116 117 118 119 98 99 100 101 102 101 100 99 98 119 118 117 116 95 94 93 92 91 90 69 68 67 46 45 44 23 2 1 



81. Najlepsza waga dla 1511673303, GAQLQ dla paczek:
129 18 92 153 
to: (184) 
A najlepsza droga dla 1511673303, GAQLQ to: 
2 23 44 45 66 87 108 129 130 151 152 153 132 133 134 113 92 93 94 95 74 53 32 33 34 35 36 15 16 17 18 17 16 15 36 35 34 33 32 11 10 9 8 7 6 5 4 3 2 1 



82. Najlepsza waga dla 1511674321, CIWOU dla paczek:
125 73 
to: (162) 
A najlepsza droga dla 1511674321, CIWOU to: 
2 23 44 45 46 47 48 49 50 71 92 93 94 95 116 117 118 119 140 141 142 163 164 165 144 145 124 125 124 145 144 143 142 141 140 119 118 117 116 95 74 73 72 71 50 49 48 47 46 45 44 23 2 1 



83. Najlepsza waga dla 1511674329, JZNAS dla paczek:
86 
to: (46) 
A najlepsza droga dla 1511674329, JZNAS to: 
2 23 44 65 86 65 44 23 2 1 



84. Najlepsza waga dla 1511675227, UUMQO dla paczek:
35 131 161 157 
to: (166) 
A najlepsza droga dla 1511675227, UUMQO to: 
2 3 4 5 6 7 8 9 10 11 32 33 34 35 34 33 32 53 74 95 116 117 138 139 160 161 182 181 202 201 200 179 158 157 136 135 134 133 132 131 110 89 68 67 46 45 44 23 2 1 



85. Najlepsza waga dla 1511675997, TMFHP dla paczek:
25 14 74 21 
to: (172) 
A najlepsza droga dla 1511675997, TMFHP to: 
2 3 4 25 26 47 48 49 50 71 72 73 74 53 32 33 34 35 14 15 16 17 18 19 20 21 42 41 40 39 38 37 36 35 34 33 32 11 10 9 8 7 6 5 4 3 2 1 



86. Najlepsza waga dla 1511676949, QQQFR dla paczek:
91 21 54 74 
to: (175) 
A najlepsza droga dla 1511676949, QQQFR to: 
2 23 44 45 46 47 48 49 70 91 92 93 94 95 74 53 54 33 34 35 36 37 38 39 40 41 42 21 42 41 40 39 38 37 36 35 34 33 32 11 10 9 8 7 6 5 4 3 2 1 



87. Najlepsza waga dla 1511677093, XUFXL dla paczek:
47 
to: (42) 
A najlepsza droga dla 1511677093, XUFXL to: 
2 23 44 45 46 47 46 45 44 23 2 1 



88. Najlepsza waga dla 1511677515, ZIRCI dla paczek:
89 62 85 23 
to: (183) 
A najlepsza droga dla 1511677515, ZIRCI to: 
2 3 4 5 6 7 8 9 10 11 32 33 34 35 36 37 38 39 40 61 62 61 40 39 38 37 36 35 34 33 32 53 74 95 94 93 92 91 112 111 110 89 88 87 86 85 64 65 44 23 2 1 



89. Najlepsza waga dla 1511677888, SHBNP dla paczek:
25 
to: (40) 
A najlepsza droga dla 1511677888, SHBNP to: 
2 3 4 25 4 3 2 1 



90. Najlepsza waga dla 1511678018, FZRFS dla paczek:
98 105 104 156 
to: (186) 
A najlepsza droga dla 1511678018, FZRFS to: 
2 3 4 5 6 7 8 9 10 11 32 33 34 35 36 37 58 79 80 81 82 83 104 105 104 83 82 81 102 101 100 99 98 119 118 117 116 115 136 135 156 155 134 113 92 71 50 49 48 47 46 45 44 23 2 1 



91. Najlepsza waga dla 1511678950, QYBSN dla paczek:
142 33 
to: (133) 
A najlepsza droga dla 1511678950, QYBSN to: 
2 23 44 45 46 47 48 49 50 71 92 93 94 95 116 117 118 119 140 141 142 121 100 99 78 57 36 35 34 33 32 11 10 9 8 7 6 5 4 3 2 1 



92. Najlepsza waga dla 1511679633, ZFNPS dla paczek:
130 
to: (70) 
A najlepsza droga dla 1511679633, ZFNPS to: 
2 23 44 45 66 87 108 109 130 109 108 87 66 45 44 23 2 1 



93. Najlepsza waga dla 1511679753, QOFYZ dla paczek:
59 101 153 
to: (164) 
A najlepsza droga dla 1511679753, QOFYZ to: 
2 3 4 5 6 7 8 9 10 11 32 33 34 35 36 37 58 59 80 101 100 99 98 119 118 117 116 115 114 113 134 133 132 153 152 151 130 109 108 87 66 45 44 23 2 1 



94. Najlepsza waga dla 1511679809, MQPIZ dla paczek:
48 70 131 16 
to: (164) 
A najlepsza droga dla 1511679809, MQPIZ to: 
2 23 44 45 46 47 48 49 70 49 50 29 30 9 10 11 32 33 34 35 36 15 16 15 36 35 34 33 32 53 74 95 94 93 92 113 134 133 132 131 110 89 68 67 46 45 44 23 2 1 



95. Najlepsza waga dla 1511681095, UDHAJ dla paczek:
69 85 48 37 
to: (134) 
A najlepsza droga dla 1511681095, UDHAJ to: 
2 23 44 65 64 85 64 65 66 67 68 69 48 49 50 29 30 9 10 11 32 33 34 35 36 37 36 35 34 33 32 11 10 9 8 7 6 5 4 3 2 1 



96. Najlepsza waga dla 1511681495, LRULC dla paczek:
139 77 
to: (123) 
A najlepsza droga dla 1511681495, LRULC to: 
2 23 44 45 46 47 48 49 50 71 92 93 94 95 116 117 138 139 118 97 76 77 76 75 74 73 72 71 50 49 48 47 46 45 44 23 2 1 



97. Najlepsza waga dla 1511681638, FARQP dla paczek:
81 125 
to: (166) 
A najlepsza droga dla 1511681638, FARQP to: 
2 3 4 5 6 7 8 9 10 11 32 33 34 35 36 37 58 79 80 81 82 83 104 125 124 145 144 143 142 141 140 119 118 117 116 95 74 73 72 71 50 49 48 47 46 45 44 23 2 1 



98. Najlepsza waga dla 1511681822, VSMOF dla paczek:
64 116 81 
to: (162) 
A najlepsza droga dla 1511681822, VSMOF to: 
2 23 44 65 64 65 66 67 46 47 48 49 50 71 72 73 74 95 116 117 118 119 98 99 100 101 102 81 80 79 58 37 36 35 34 33 32 11 10 9 8 7 6 5 4 3 2 1 



99. Najlepsza waga dla 1511683222, XAEXN dla paczek:
20 103 149 98 
to: (215) 
A najlepsza droga dla 1511683222, XAEXN to: 
2 3 4 5 6 7 8 9 10 11 32 33 34 35 36 15 16 17 18 19 20 21 42 63 84 83 82 103 102 101 100 99 98 119 118 117 116 115 114 113 134 133 132 153 152 151 150 149 128 127 106 85 64 65 44 23 2 1 



