402. Najlepsza waga dla 1511902405, IVLOL dla paczek:
50 138 127 
to: (120) 
A najlepsza droga dla 1511902405, IVLOL to: 
2 23 44 45 46 47 48 49 50 71 92 93 94 95 116 117 138 117 116 115 114 113 134 133 132 131 130 129 128 127 106 85 64 65 44 23 2 1 



403. Najlepsza waga dla 1511902812, ZFNPS dla paczek:
70 28 131 
to: (100) 
A najlepsza droga dla 1511902812, ZFNPS to: 
2 23 44 45 46 47 26 27 28 29 50 49 70 91 112 111 110 131 110 89 68 67 46 45 44 23 2 1 



404. Najlepsza waga dla 1511904127, IVLOL dla paczek:
19 90 
to: (166) 
A najlepsza droga dla 1511904127, IVLOL to: 
2 3 4 5 6 7 8 9 10 11 32 33 34 35 36 15 16 17 18 19 18 17 16 15 36 35 34 33 32 53 74 95 94 93 92 91 90 69 68 67 46 45 44 23 2 1 



405. Najlepsza waga dla 1511904453, XIVMV dla paczek:
101 
to: (128) 
A najlepsza droga dla 1511904453, XIVMV to: 
2 23 44 45 46 47 48 49 50 71 92 93 94 95 116 117 118 119 98 99 100 101 100 99 98 119 118 117 116 95 74 73 72 71 50 49 48 47 46 45 44 23 2 1 



406. Najlepsza waga dla 1511905675, YVXRN dla paczek:
47 62 
to: (151) 
A najlepsza droga dla 1511905675, YVXRN to: 
2 23 44 45 46 47 48 49 50 29 30 9 10 11 32 33 34 35 36 37 38 39 40 61 62 61 40 39 38 37 36 35 34 33 32 11 10 9 8 7 6 5 4 3 2 1 



407. Najlepsza waga dla 1511906967, XUFXL dla paczek:
40 125 48 146 
to: (171) 
A najlepsza droga dla 1511906967, XUFXL to: 
2 3 4 5 6 7 8 9 10 11 32 33 34 35 36 37 38 39 40 61 62 63 84 83 104 125 146 145 144 143 142 141 140 119 118 117 116 95 74 73 72 71 50 49 48 47 46 45 44 23 2 1 



408. Najlepsza waga dla 1511907652, YFCRU dla paczek:
144 129 129 
to: (167) 
A najlepsza droga dla 1511907652, YFCRU to: 
2 23 44 45 46 47 48 49 50 71 92 93 94 95 116 117 118 119 140 141 142 163 164 165 144 143 142 141 140 119 118 117 116 115 114 113 134 133 132 131 130 129 108 87 66 45 44 23 2 1 



409. Najlepsza waga dla 1511908889, JZNAS dla paczek:
40 157 134 57 
to: (174) 
A najlepsza droga dla 1511908889, JZNAS to: 
2 3 4 5 6 7 8 9 10 11 32 33 34 35 36 37 38 39 40 39 38 37 58 57 36 35 34 33 32 53 74 95 116 115 136 157 136 135 134 113 92 71 50 49 48 47 46 45 44 23 2 1 



410. Najlepsza waga dla 1511909523, MQPIZ dla paczek:
47 89 129 101 
to: (166) 
A najlepsza droga dla 1511909523, MQPIZ to: 
2 23 44 45 46 47 48 49 50 71 72 73 74 95 116 117 118 119 98 99 100 101 100 99 98 119 118 117 116 115 114 113 134 133 132 131 130 129 130 131 110 89 68 67 46 45 44 23 2 1 



411. Najlepsza waga dla 1511910525, DAPJR dla paczek:
35 
to: (100) 
A najlepsza droga dla 1511910525, DAPJR to: 
2 3 4 5 6 7 8 9 10 11 32 33 34 35 34 33 32 11 10 9 8 7 6 5 4 3 2 1 



412. Najlepsza waga dla 1511910565, LGXFM dla paczek:
145 78 
to: (159) 
A najlepsza droga dla 1511910565, LGXFM to: 
2 23 44 45 46 47 48 49 50 71 92 93 94 95 116 117 118 119 140 141 142 163 164 165 144 145 144 143 122 101 100 99 78 57 36 35 34 33 32 11 10 9 8 7 6 5 4 3 2 1 



413. Najlepsza waga dla 1511910802, KLNCX dla paczek:
149 148 92 
to: (113) 
A najlepsza droga dla 1511910802, KLNCX to: 
2 23 44 65 64 85 106 127 148 169 170 149 150 151 152 153 132 133 134 113 92 71 50 49 48 47 46 45 44 23 2 1 



414. Najlepsza waga dla 1511911818, GBKMO dla paczek:
142 
to: (122) 
A najlepsza droga dla 1511911818, GBKMO to: 
2 23 44 45 46 47 48 49 50 71 92 93 94 95 116 117 118 119 140 141 142 141 140 119 118 117 116 95 74 73 72 71 50 49 48 47 46 45 44 23 2 1 



415. Najlepsza waga dla 1511912386, JONGY dla paczek:
43 
to: (32) 
A najlepsza droga dla 1511912386, JONGY to: 
22 43 22 1 



416. Najlepsza waga dla 1511913516, LVNEF dla paczek:
58 18 70 
to: (157) 
A najlepsza droga dla 1511913516, LVNEF to: 
2 3 4 5 6 7 8 9 10 11 32 33 34 35 36 37 58 37 16 17 18 17 16 15 36 35 34 33 32 11 10 9 30 29 50 49 70 49 48 47 46 45 44 23 2 1 



417. Najlepsza waga dla 1511913588, HXYLZ dla paczek:
144 135 
to: (152) 
A najlepsza droga dla 1511913588, HXYLZ to: 
2 23 44 45 46 47 48 49 50 71 92 93 94 95 116 117 118 119 140 141 142 163 164 165 144 143 142 141 140 119 118 117 116 115 136 135 134 113 92 71 50 49 48 47 46 45 44 23 2 1 



418. Najlepsza waga dla 1511913990, PRUFP dla paczek:
71 79 
to: (123) 
A najlepsza droga dla 1511913990, PRUFP to: 
2 23 44 45 46 47 48 49 50 71 50 29 30 9 10 11 32 33 34 35 36 37 58 79 58 37 36 35 34 33 32 11 10 9 8 7 6 5 4 3 2 1 



419. Najlepsza waga dla 1511914076, WUVTI dla paczek:
104 
to: (158) 
A najlepsza droga dla 1511914076, WUVTI to: 
2 3 4 5 6 7 8 9 10 11 32 33 34 35 36 37 58 79 80 81 82 83 104 83 82 81 80 79 58 37 36 35 34 33 32 11 10 9 8 7 6 5 4 3 2 1 



420. Najlepsza waga dla 1511914767, QHNEK dla paczek:
33 
to: (88) 
A najlepsza droga dla 1511914767, QHNEK to: 
2 3 4 5 6 7 8 9 10 11 32 33 32 11 10 9 8 7 6 5 4 3 2 1 



421. Najlepsza waga dla 1511914980, VLCUD dla paczek:
116 112 
to: (97) 
A najlepsza droga dla 1511914980, VLCUD to: 
2 23 44 45 46 47 48 49 50 71 92 93 94 95 116 115 114 113 112 91 70 49 48 47 46 45 44 23 2 1 



422. Najlepsza waga dla 1511916151, ZUHRI dla paczek:
100 109 70 58 
to: (156) 
A najlepsza droga dla 1511916151, ZUHRI to: 
2 23 44 45 66 87 108 109 110 111 112 113 114 115 116 117 118 119 98 99 100 79 58 37 36 35 34 33 32 11 10 9 30 29 50 49 70 49 48 47 46 45 44 23 2 1 



423. Najlepsza waga dla 1511916335, JZNAS dla paczek:
34 69 73 
to: (104) 
A najlepsza droga dla 1511916335, JZNAS to: 
2 3 4 5 6 7 8 9 10 11 32 33 34 33 32 53 74 73 72 71 50 49 48 69 68 67 46 45 44 23 2 1 



424. Najlepsza waga dla 1511917350, KBJAF dla paczek:
35 
to: (100) 
A najlepsza droga dla 1511917350, KBJAF to: 
2 3 4 5 6 7 8 9 10 11 32 33 34 35 34 33 32 11 10 9 8 7 6 5 4 3 2 1 



425. Najlepsza waga dla 1511917868, UDHXE dla paczek:
75 133 
to: (106) 
A najlepsza droga dla 1511917868, UDHXE to: 
2 23 44 45 46 47 48 49 50 71 72 73 74 75 74 95 94 93 92 113 134 133 134 113 92 71 50 49 48 47 46 45 44 23 2 1 



426. Najlepsza waga dla 1511918121, JSJQT dla paczek:
67 50 29 115 
to: (88) 
A najlepsza droga dla 1511918121, JSJQT to: 
2 23 44 45 46 67 46 47 48 49 50 29 50 71 92 93 94 115 94 93 92 71 50 49 48 47 46 45 44 23 2 1 



427. Najlepsza waga dla 1511919308, KHYZH dla paczek:
32 156 
to: (115) 
A najlepsza droga dla 1511919308, KHYZH to: 
2 3 4 5 6 7 8 9 10 11 32 53 74 95 116 115 136 135 156 155 134 113 92 71 50 49 48 47 46 45 44 23 2 1 



428. Najlepsza waga dla 1511920162, TMFHP dla paczek:
152 
to: (88) 
A najlepsza droga dla 1511920162, TMFHP to: 
2 23 44 45 66 87 108 109 130 151 152 151 130 109 108 87 66 45 44 23 2 1 



429. Najlepsza waga dla 1511920804, DJLJT dla paczek:
103 160 78 124 
to: (165) 
A najlepsza droga dla 1511920804, DJLJT to: 
2 23 44 45 46 47 48 49 50 71 92 93 94 95 116 117 138 139 160 161 162 163 164 165 144 145 124 103 102 101 100 99 78 57 36 35 34 33 32 11 10 9 8 7 6 5 4 3 2 1 



431. Najlepsza waga dla 1511922197, PRUFP dla paczek:
104 108 55 
to: (190) 
A najlepsza droga dla 1511922197, PRUFP to: 
2 23 44 45 66 87 108 109 110 111 112 113 114 115 116 117 118 119 98 99 100 101 102 81 82 83 104 83 82 81 102 101 100 99 98 77 56 55 54 53 32 11 10 9 8 7 6 5 4 3 2 1 



432. Najlepsza waga dla 1511922281, HJEVU dla paczek:
99 146 146 
to: (159) 
A najlepsza droga dla 1511922281, HJEVU to: 
2 23 44 45 46 47 48 49 50 71 92 93 94 95 116 117 118 119 98 99 100 101 122 143 144 145 146 145 144 143 142 141 140 119 118 117 116 95 74 73 72 71 50 49 48 47 46 45 44 23 2 1 



433. Najlepsza waga dla 1511922663, XALHC dla paczek:
74 68 36 
to: (110) 
A najlepsza droga dla 1511922663, XALHC to: 
2 23 44 45 46 67 68 69 48 49 50 71 72 73 74 53 32 33 34 35 36 35 34 33 32 11 10 9 8 7 6 5 4 3 2 1 



434. Najlepsza waga dla 1511922796, VLCUD dla paczek:
124 114 
to: (156) 
A najlepsza droga dla 1511922796, VLCUD to: 
2 23 44 45 46 47 48 49 50 71 92 93 94 95 116 117 118 119 140 141 142 163 164 165 144 145 124 145 144 143 142 141 140 119 118 117 116 115 114 113 92 71 50 49 48 47 46 45 44 23 2 1 



435. Najlepsza waga dla 1511923322, GHSGJ dla paczek:
44 135 40 
to: (157) 
A najlepsza droga dla 1511923322, GHSGJ to: 
2 23 44 45 46 47 48 49 50 71 92 113 134 135 136 115 116 95 74 53 32 33 34 35 36 37 38 39 40 39 38 37 36 35 34 33 32 11 10 9 8 7 6 5 4 3 2 1 



436. Najlepsza waga dla 1511923555, MWTUS dla paczek:
102 103 112 
to: (159) 
A najlepsza droga dla 1511923555, MWTUS to: 
2 23 44 45 46 47 48 49 50 71 92 93 94 95 116 117 118 119 98 99 100 101 102 103 102 101 100 99 98 119 118 117 116 115 114 113 112 91 70 49 48 47 46 45 44 23 2 1 



437. Najlepsza waga dla 1511923623, HBTIY dla paczek:
135 125 72 
to: (170) 
A najlepsza droga dla 1511923623, HBTIY to: 
2 23 44 45 46 47 48 49 50 71 92 113 134 135 136 115 116 117 118 119 140 141 142 163 164 165 144 145 124 125 124 145 144 143 142 141 140 119 118 117 116 95 74 73 72 71 50 49 48 47 46 45 44 23 2 1 



438. Najlepsza waga dla 1511924275, PXCFO dla paczek:
80 26 
to: (133) 
A najlepsza droga dla 1511924275, PXCFO to: 
2 3 4 5 6 7 8 9 10 11 32 33 34 35 36 37 58 79 80 79 58 37 36 35 34 33 32 11 10 9 30 29 50 49 48 47 26 47 46 45 44 23 2 1 



439. Najlepsza waga dla 1511924695, ZXZPH dla paczek:
115 78 48 124 
to: (164) 
A najlepsza droga dla 1511924695, ZXZPH to: 
2 3 4 5 6 7 8 9 10 11 32 33 34 35 36 57 78 99 100 101 102 103 124 145 144 143 142 141 140 119 118 117 116 115 94 93 92 71 50 49 48 47 46 45 44 23 2 1 



440. Najlepsza waga dla 1511925674, LRULC dla paczek:
92 38 106 
to: (156) 
A najlepsza droga dla 1511925674, LRULC to: 
2 3 4 5 6 7 8 9 10 11 32 33 34 35 36 37 38 37 36 35 34 33 32 53 74 95 94 93 92 91 112 111 110 109 108 107 106 85 64 65 44 23 2 1 



441. Najlepsza waga dla 1511925812, ZBQTG dla paczek:
102 107 70 
to: (168) 
A najlepsza droga dla 1511925812, ZBQTG to: 
2 23 44 65 64 85 106 107 108 109 110 111 112 113 114 115 116 117 118 119 98 99 100 101 102 101 100 99 98 119 118 117 116 95 94 93 92 91 70 49 48 47 46 45 44 23 2 1 



442. Najlepsza waga dla 1511925850, LRULC dla paczek:
117 113 
to: (92) 
A najlepsza droga dla 1511925850, LRULC to: 
2 23 44 45 46 47 48 49 50 71 92 93 94 95 116 117 116 115 114 113 92 71 50 49 48 47 46 45 44 23 2 1 



443. Najlepsza waga dla 1511926723, ZXZPH dla paczek:
25 102 82 135 
to: (163) 
A najlepsza droga dla 1511926723, ZXZPH to: 
2 3 4 25 26 47 48 49 50 71 92 113 134 135 136 115 116 117 118 119 98 99 100 101 102 81 82 81 80 79 58 37 36 35 34 33 32 11 10 9 8 7 6 5 4 3 2 1 



444. Najlepsza waga dla 1511927105, PKVIU dla paczek:
15 
to: (108) 
A najlepsza droga dla 1511927105, PKVIU to: 
2 3 4 5 6 7 8 9 10 11 32 33 34 35 36 15 36 35 34 33 32 11 10 9 8 7 6 5 4 3 2 1 



445. Najlepsza waga dla 1511927896, QEPWP dla paczek:
128 71 80 
to: (166) 
A najlepsza droga dla 1511927896, QEPWP to: 
2 23 44 65 64 85 106 127 128 129 130 151 152 153 132 133 134 113 114 115 116 117 118 119 98 99 78 79 80 79 58 37 36 35 34 33 32 11 10 9 30 29 50 71 50 49 48 47 46 45 44 23 2 1 



446. Najlepsza waga dla 1511928818, QEPWP dla paczek:
35 146 144 20 
to: (187) 
A najlepsza droga dla 1511928818, QEPWP to: 
2 3 4 5 6 7 8 9 10 11 32 33 34 35 36 15 16 17 18 19 20 21 42 63 84 83 104 125 146 145 144 143 142 141 140 119 118 117 116 95 74 73 72 71 50 49 48 47 46 45 44 23 2 1 



447. Najlepsza waga dla 1511928938, KCIIW dla paczek:
95 48 115 143 
to: (139) 
A najlepsza droga dla 1511928938, KCIIW to: 
2 23 44 45 46 47 48 49 50 71 92 93 94 95 116 117 118 119 140 141 142 143 142 141 140 119 118 117 116 115 94 93 92 71 50 49 48 47 46 45 44 23 2 1 



448. Najlepsza waga dla 1511929295, UUHDG dla paczek:
75 
to: (86) 
A najlepsza droga dla 1511929295, UUHDG to: 
2 23 44 45 46 47 48 49 50 71 72 73 74 75 74 73 72 71 50 49 48 47 46 45 44 23 2 1 



449. Najlepsza waga dla 1511930484, QEVGR dla paczek:
49 49 49 
to: (48) 
A najlepsza droga dla 1511930484, QEVGR to: 
2 23 44 45 46 47 48 49 48 47 46 45 44 23 2 1 



450. Najlepsza waga dla 1511931957, DAPJR dla paczek:
29 167 
to: (158) 
A najlepsza droga dla 1511931957, DAPJR to: 
2 23 44 45 46 47 48 49 50 29 50 71 92 93 94 95 116 117 118 119 140 141 142 143 144 145 146 167 146 145 144 143 142 141 140 119 118 117 116 95 74 73 72 71 50 49 48 47 46 45 44 23 2 1 



451. Najlepsza waga dla 1511933389, QOFYZ dla paczek:
74 113 58 
to: (131) 
A najlepsza droga dla 1511933389, QOFYZ to: 
2 23 44 45 46 47 48 49 50 71 92 113 92 93 94 95 74 53 32 33 34 35 36 37 58 37 36 35 34 33 32 11 10 9 8 7 6 5 4 3 2 1 



452. Najlepsza waga dla 1511934682, NRSAD dla paczek:
91 92 
to: (64) 
A najlepsza droga dla 1511934682, NRSAD to: 
2 23 44 45 46 47 48 49 70 91 92 71 50 49 48 47 46 45 44 23 2 1 



453. Najlepsza waga dla 1511936143, MQPIZ dla paczek:
35 159 26 
to: (139) 
A najlepsza droga dla 1511936143, MQPIZ to: 
2 3 4 5 6 7 8 9 10 11 32 33 34 35 34 33 32 53 74 95 116 117 138 159 138 117 116 95 74 73 72 71 50 49 48 47 26 47 46 45 44 23 2 1 



454. Najlepsza waga dla 1511936567, UTIEH dla paczek:
55 79 107 51 
to: (163) 
A najlepsza droga dla 1511936567, UTIEH to: 
2 3 4 5 6 7 8 9 10 11 32 33 34 35 36 37 58 79 58 57 56 55 54 53 52 51 50 49 48 47 46 67 66 65 64 85 106 107 86 65 44 23 2 1 



455. Najlepsza waga dla 1511936601, FHZVC dla paczek:
46 101 62 
to: (161) 
A najlepsza droga dla 1511936601, FHZVC to: 
2 23 44 45 46 47 48 49 50 71 92 93 94 95 116 117 118 119 98 99 100 101 102 81 82 61 62 61 40 39 38 37 36 35 34 33 32 11 10 9 8 7 6 5 4 3 2 1 



456. Najlepsza waga dla 1511936909, QHNEK dla paczek:
64 43 21 
to: (182) 
A najlepsza droga dla 1511936909, QHNEK to: 
22 43 64 65 66 67 46 47 48 49 50 29 30 9 10 11 32 33 34 35 36 37 38 39 40 41 42 21 42 41 40 39 38 37 36 35 34 33 32 11 10 9 8 7 6 5 4 3 2 1 



457. Najlepsza waga dla 1511937717, IJIFH dla paczek:
150 102 123 158 
to: (205) 
A najlepsza droga dla 1511937717, IJIFH to: 
2 23 44 45 66 87 108 129 150 171 172 193 194 195 196 217 218 197 198 199 200 179 158 179 200 201 202 181 182 161 162 163 164 165 144 123 102 101 100 99 98 119 118 117 116 95 74 73 72 71 50 49 48 47 46 45 44 23 2 1 



458. Najlepsza waga dla 1511938350, HBTIY dla paczek:
148 
to: (80) 
A najlepsza droga dla 1511938350, HBTIY to: 
2 23 44 65 64 85 106 127 148 127 106 85 64 65 44 23 2 1 



459. Najlepsza waga dla 1511939587, VGBPD dla paczek:
46 158 143 
to: (164) 
A najlepsza droga dla 1511939587, VGBPD to: 
2 23 44 45 46 47 48 49 50 71 92 113 134 135 136 157 158 179 200 201 202 181 182 161 162 141 142 143 142 141 140 119 118 117 116 95 74 73 72 71 50 49 48 47 46 45 44 23 2 1 



460. Najlepsza waga dla 1511940829, YFCRU dla paczek:
159 
to: (112) 
A najlepsza droga dla 1511940829, YFCRU to: 
2 23 44 45 46 47 48 49 50 71 92 93 94 95 116 117 138 159 138 117 116 95 74 73 72 71 50 49 48 47 46 45 44 23 2 1 



461. Najlepsza waga dla 1511941410, BEOOF dla paczek:
68 
to: (46) 
A najlepsza droga dla 1511941410, BEOOF to: 
2 23 44 45 46 67 68 67 46 45 44 23 2 1 



462. Najlepsza waga dla 1511942264, POPTF dla paczek:
60 49 40 94 
to: (156) 
A najlepsza droga dla 1511942264, POPTF to: 
2 3 4 5 6 7 8 9 10 11 32 33 34 35 36 37 58 59 60 61 40 39 38 37 36 35 34 33 32 53 74 95 94 93 92 71 50 49 48 47 46 45 44 23 2 1 



463. Najlepsza waga dla 1511943699, KLOJK dla paczek:
51 
to: (62) 
A najlepsza droga dla 1511943699, KLOJK to: 
2 23 44 45 46 47 48 49 50 51 50 49 48 47 46 45 44 23 2 1 



464. Najlepsza waga dla 1511944292, EKEZH dla paczek:
79 
to: (120) 
A najlepsza droga dla 1511944292, EKEZH to: 
2 3 4 5 6 7 8 9 10 11 32 33 34 35 36 37 58 79 58 37 36 35 34 33 32 11 10 9 8 7 6 5 4 3 2 1 



465. Najlepsza waga dla 1511944324, PRUFP dla paczek:
163 15 134 
to: (147) 
A najlepsza droga dla 1511944324, PRUFP to: 
2 3 4 5 6 7 8 9 10 11 32 33 34 35 36 15 36 57 78 99 100 121 142 163 142 141 140 119 118 117 116 115 114 113 134 113 92 71 50 49 48 47 46 45 44 23 2 1 



466. Najlepsza waga dla 1511944483, YCNVE dla paczek:
119 35 54 
to: (130) 
A najlepsza droga dla 1511944483, YCNVE to: 
2 23 44 45 46 47 48 49 50 71 92 93 94 95 116 117 118 119 98 99 78 57 36 35 34 33 54 53 32 11 10 9 8 7 6 5 4 3 2 1 



467. Najlepsza waga dla 1511944739, RCDUU dla paczek:
158 
to: (110) 
A najlepsza droga dla 1511944739, RCDUU to: 
2 23 44 45 46 47 48 49 50 71 92 113 134 135 136 157 158 157 136 135 134 113 92 71 50 49 48 47 46 45 44 23 2 1 



468. Najlepsza waga dla 1511945343, AEZQI dla paczek:
107 96 105 
to: (188) 
A najlepsza droga dla 1511945343, AEZQI to: 
2 23 44 65 64 85 106 107 108 109 110 111 112 91 92 93 94 95 96 97 98 99 100 101 102 81 82 83 104 105 104 83 82 81 80 79 58 37 36 35 34 33 32 11 10 9 8 7 6 5 4 3 2 1 



469. Najlepsza waga dla 1511946760, JDCDX dla paczek:
69 20 150 
to: (215) 
A najlepsza droga dla 1511946760, JDCDX to: 
2 23 44 45 46 67 68 69 48 49 50 29 30 9 10 11 32 33 34 35 36 15 16 17 18 19 20 19 18 17 16 15 36 35 34 33 32 53 74 95 94 93 92 113 134 133 132 153 152 151 150 129 108 87 66 45 44 23 2 1 



470. Najlepsza waga dla 1511946913, AMLTU dla paczek:
14 78 
to: (122) 
A najlepsza droga dla 1511946913, AMLTU to: 
2 3 4 5 6 7 8 9 10 11 32 33 34 35 14 35 36 57 78 57 36 35 34 33 32 11 10 9 8 7 6 5 4 3 2 1 



471. Najlepsza waga dla 1511947317, QRYDL dla paczek:
72 117 83 
to: (158) 
A najlepsza droga dla 1511947317, QRYDL to: 
2 23 44 45 46 47 48 49 50 71 72 73 74 95 116 117 118 119 98 99 100 101 102 81 82 83 82 81 80 79 58 37 36 35 34 33 32 11 10 9 8 7 6 5 4 3 2 1 



472. Najlepsza waga dla 1511947911, PXCFO dla paczek:
148 123 135 66 
to: (201) 
A najlepsza droga dla 1511947911, PXCFO to: 
2 23 44 45 46 47 48 49 50 71 92 93 94 95 116 117 118 119 98 99 100 101 102 123 102 101 100 99 98 119 118 117 116 115 136 135 134 133 132 131 130 129 128 127 148 127 106 85 64 65 66 45 44 23 2 1 



473. Najlepsza waga dla 1511948778, XUFXL dla paczek:
48 168 
to: (168) 
A najlepsza droga dla 1511948778, XUFXL to: 
2 23 44 45 46 47 48 49 50 71 72 73 74 95 116 117 118 119 140 141 142 143 144 145 146 167 168 167 146 145 144 143 142 141 140 119 118 117 116 95 74 73 72 71 50 49 48 47 46 45 44 23 2 1 



474. Najlepsza waga dla 1511950040, PRUFP dla paczek:
73 57 138 22 
to: (127) 
A najlepsza droga dla 1511950040, PRUFP to: 
2 3 4 5 6 7 8 9 10 11 32 33 34 35 36 57 78 99 98 119 118 117 138 117 116 95 74 73 72 71 50 49 48 47 46 45 44 23 22 1 



475. Najlepsza waga dla 1511951142, SUAXE dla paczek:
107 117 157 
to: (131) 
A najlepsza droga dla 1511951142, SUAXE to: 
2 23 44 65 64 85 106 107 108 109 130 131 132 133 134 135 136 157 136 115 116 117 116 95 94 93 92 71 50 49 48 47 46 45 44 23 2 1 



476. Najlepsza waga dla 1511951301, TPJHC dla paczek:
146 
to: (152) 
A najlepsza droga dla 1511951301, TPJHC to: 
2 23 44 45 46 47 48 49 50 71 92 93 94 95 116 117 118 119 140 141 142 163 164 165 144 145 146 145 144 143 142 141 140 119 118 117 116 95 74 73 72 71 50 49 48 47 46 45 44 23 2 1 



477. Najlepsza waga dla 1511951571, QYBSN dla paczek:
41 114 35 
to: (165) 
A najlepsza droga dla 1511951571, QYBSN to: 
2 3 4 5 6 7 8 9 10 11 32 33 34 35 36 37 38 39 40 41 40 39 38 37 36 35 34 33 32 53 74 95 116 115 114 113 92 71 50 49 48 47 46 45 44 23 2 1 



478. Najlepsza waga dla 1511952993, ADKVV dla paczek:
124 121 67 22 
to: (161) 
A najlepsza droga dla 1511952993, ADKVV to: 
2 23 44 45 46 47 48 49 50 71 92 93 94 95 116 117 118 119 140 141 142 163 164 165 144 145 124 145 144 143 142 121 142 141 140 119 118 117 116 95 74 73 72 71 50 49 48 47 46 67 46 45 44 23 22 1 



479. Najlepsza waga dla 1511953023, TAERF dla paczek:
30 
to: (58) 
A najlepsza droga dla 1511953023, TAERF to: 
2 23 44 45 46 47 48 49 50 29 30 29 50 49 48 47 46 45 44 23 2 1 



480. Najlepsza waga dla 1511953080, DAPJR dla paczek:
124 104 138 
to: (168) 
A najlepsza droga dla 1511953080, DAPJR to: 
2 3 4 5 6 7 8 9 10 11 32 33 34 35 36 37 58 79 80 81 82 83 104 125 124 145 144 165 164 163 162 161 160 139 138 117 116 95 74 73 72 71 50 49 48 47 46 45 44 23 2 1 



481. Najlepsza waga dla 1511953475, AMLTU dla paczek:
94 164 58 
to: (146) 
A najlepsza droga dla 1511953475, AMLTU to: 
2 23 44 45 46 47 48 49 50 71 92 93 94 95 116 117 118 119 140 141 142 163 164 163 142 121 100 79 58 37 36 35 34 33 32 11 10 9 8 7 6 5 4 3 2 1 



482. Najlepsza waga dla 1511954166, TAERF dla paczek:
85 
to: (42) 
A najlepsza droga dla 1511954166, TAERF to: 
2 23 44 65 64 85 64 65 44 23 2 1 



483. Najlepsza waga dla 1511955388, XVSFV dla paczek:
35 20 
to: (164) 
A najlepsza droga dla 1511955388, XVSFV to: 
2 3 4 5 6 7 8 9 10 11 32 33 34 35 36 15 16 17 18 19 20 19 18 17 16 15 36 35 34 33 32 11 10 9 8 7 6 5 4 3 2 1 



484. Najlepsza waga dla 1511956552, PXCFO dla paczek:
142 33 
to: (133) 
A najlepsza droga dla 1511956552, PXCFO to: 
2 23 44 45 46 47 48 49 50 71 92 93 94 95 116 117 118 119 140 141 142 121 100 99 78 57 36 35 34 33 32 11 10 9 8 7 6 5 4 3 2 1 



485. Najlepsza waga dla 1511957833, WUVTI dla paczek:
79 26 73 166 
to: (164) 
A najlepsza droga dla 1511957833, WUVTI to: 
2 3 4 5 6 7 8 9 10 11 32 33 34 35 36 37 58 79 100 121 142 163 164 165 166 165 164 163 142 141 140 119 118 117 116 95 74 73 72 71 50 49 48 47 26 47 46 45 44 23 2 1 



486. Najlepsza waga dla 1511957908, VLCUD dla paczek:
13 
to: (102) 
A najlepsza droga dla 1511957908, VLCUD to: 
2 3 4 5 6 7 8 9 10 11 12 13 12 11 10 9 8 7 6 5 4 3 2 1 



487. Najlepsza waga dla 1511958911, ZYBAD dla paczek:
164 106 33 
to: (167) 
A najlepsza droga dla 1511958911, ZYBAD to: 
2 23 44 65 64 85 106 107 108 109 110 111 112 113 114 115 116 117 118 119 140 141 142 163 164 163 142 121 100 99 78 57 36 35 34 33 32 11 10 9 8 7 6 5 4 3 2 1 



488. Najlepsza waga dla 1511960216, JZNAS dla paczek:
112 80 72 157 
to: (169) 
A najlepsza droga dla 1511960216, JZNAS to: 
2 23 44 45 46 47 48 49 70 91 112 113 134 135 136 157 136 115 116 117 118 119 98 99 78 79 80 79 58 37 36 35 34 33 32 53 74 73 72 71 50 49 48 47 46 45 44 23 2 1 



489. Najlepsza waga dla 1511961656, CNERU dla paczek:
15 25 102 
to: (157) 
A najlepsza droga dla 1511961656, CNERU to: 
2 3 4 5 6 7 8 9 10 11 32 33 34 35 36 15 36 57 78 99 100 101 102 101 100 99 98 119 118 117 116 95 74 73 72 71 50 49 48 47 26 25 4 3 2 1 



490. Najlepsza waga dla 1511962814, ZYBAD dla paczek:
112 127 70 36 
to: (150) 
A najlepsza droga dla 1511962814, ZYBAD to: 
2 23 44 65 64 85 106 127 128 129 130 151 152 153 132 133 112 91 92 93 94 95 74 53 32 33 34 35 36 35 34 33 32 11 10 9 30 29 50 49 70 49 48 47 46 45 44 23 2 1 



491. Najlepsza waga dla 1511962869, BZFXR dla paczek:
26 94 36 
to: (109) 
A najlepsza droga dla 1511962869, BZFXR to: 
2 23 44 45 46 47 26 47 48 49 50 71 92 93 94 95 74 53 32 33 34 35 36 35 34 33 32 11 10 9 8 7 6 5 4 3 2 1 



492. Najlepsza waga dla 1511962982, PUCOQ dla paczek:
114 
to: (78) 
A najlepsza droga dla 1511962982, PUCOQ to: 
2 23 44 45 46 47 48 49 50 71 92 113 114 113 92 71 50 49 48 47 46 45 44 23 2 1 



493. Najlepsza waga dla 1511963214, TMFHP dla paczek:
42 90 105 91 
to: (190) 
A najlepsza droga dla 1511963214, TMFHP to: 
2 3 4 5 6 7 8 9 10 11 32 33 34 35 36 37 38 39 40 41 42 63 84 83 104 105 104 83 82 81 102 101 100 99 98 119 118 117 116 95 94 93 92 91 90 69 68 67 46 45 44 23 2 1 



494. Najlepsza waga dla 1511964097, ZXZPH dla paczek:
146 
to: (152) 
A najlepsza droga dla 1511964097, ZXZPH to: 
2 23 44 45 46 47 48 49 50 71 92 93 94 95 116 117 118 119 140 141 142 163 164 165 144 145 146 145 144 143 142 141 140 119 118 117 116 95 74 73 72 71 50 49 48 47 46 45 44 23 2 1 



495. Najlepsza waga dla 1511965537, ZBQTG dla paczek:
125 
to: (162) 
A najlepsza droga dla 1511965537, ZBQTG to: 
2 23 44 45 46 47 48 49 50 71 92 93 94 95 116 117 118 119 140 141 142 163 164 165 144 145 124 125 124 145 144 143 142 141 140 119 118 117 116 95 74 73 72 71 50 49 48 47 46 45 44 23 2 1 



496. Najlepsza waga dla 1511966347, JIJSE dla paczek:
165 43 76 
to: (159) 
A najlepsza droga dla 1511966347, JIJSE to: 
2 23 44 45 46 47 48 49 50 71 92 93 94 95 116 117 118 119 140 141 142 163 164 165 164 163 142 121 100 99 98 77 76 75 74 73 72 71 50 49 48 47 46 45 44 43 22 1 



497. Najlepsza waga dla 1511967271, CIWOU dla paczek:
129 49 122 
to: (165) 
A najlepsza droga dla 1511967271, CIWOU to: 
2 23 44 45 66 87 108 129 130 151 152 153 132 133 134 113 114 115 116 117 118 119 140 141 142 121 122 121 142 141 140 119 118 117 116 95 94 93 92 71 50 49 48 47 46 45 44 23 2 1 



498. Najlepsza waga dla 1511967303, ZYBAD dla paczek:
35 67 26 
to: (107) 
A najlepsza droga dla 1511967303, ZYBAD to: 
2 3 4 5 6 7 8 9 10 11 32 33 34 35 34 33 32 11 10 9 30 29 50 49 48 47 26 47 46 67 46 45 44 23 2 1 



499. Najlepsza waga dla 1511968466, ZYBAD dla paczek:
50 
to: (50) 
A najlepsza droga dla 1511968466, ZYBAD to: 
2 23 44 45 46 47 48 49 50 49 48 47 46 45 44 23 2 1 



500. Najlepsza waga dla 1511969447, EGOHO dla paczek:
129 150 30 32 
to: (126) 
A najlepsza droga dla 1511969447, EGOHO to: 
2 23 44 45 66 87 108 129 150 151 152 153 132 133 134 113 92 93 94 95 74 53 32 11 10 9 30 29 50 49 48 47 46 45 44 23 2 1 



501. Najlepsza waga dla 1511969672, BZFXR dla paczek:
141 166 147 107 
to: (191) 
A najlepsza droga dla 1511969672, BZFXR to: 
2 23 44 45 46 47 48 49 50 71 92 93 94 95 116 117 118 119 140 141 142 163 164 165 166 167 146 147 146 145 144 143 142 141 140 119 118 117 116 115 114 113 112 111 110 109 108 107 86 65 44 23 2 1 



502. Najlepsza waga dla 1511970043, HHHWI dla paczek:
157 136 80 
to: (159) 
A najlepsza droga dla 1511970043, HHHWI to: 
2 23 44 45 46 47 48 49 50 71 92 113 134 135 136 157 136 115 116 117 118 119 98 99 78 79 80 79 58 37 36 35 34 33 32 11 10 9 8 7 6 5 4 3 2 1 



