503. Najlepsza waga dla 1511971279, ZPJSB dla paczek:
155 
to: (82) 
A najlepsza droga dla 1511971279, ZPJSB to: 
1 22 43 44 45 46 47 48 49 70 91 112 133 154 133 112 91 70 49 48 47 46 45 44 43 22 1 0 



504. Najlepsza waga dla 1511971892, XUMBT dla paczek:
87 146 
to: (172) 
A najlepsza droga dla 1511971892, XUMBT to: 
1 22 43 44 65 86 87 88 109 110 111 112 113 114 115 116 117 118 139 140 141 142 143 144 145 144 143 142 141 140 139 118 117 116 115 94 73 72 71 70 49 48 47 46 45 44 43 22 1 0 



505. Najlepsza waga dla 1511972875, QYBSN dla paczek:
17 33 17 13 
to: (142) 
A najlepsza droga dla 1511972875, QYBSN to: 
1 2 3 4 5 6 7 8 9 10 31 32 33 34 35 14 15 16 15 14 35 34 33 12 33 32 31 10 9 8 7 6 5 4 3 2 1 0 



506. Najlepsza waga dla 1511974259, YFXGM dla paczek:
117 127 
to: (116) 
A najlepsza droga dla 1511974259, YFXGM to: 
1 22 43 44 45 46 47 48 49 70 71 72 73 94 115 116 115 114 113 112 133 132 131 130 129 128 127 126 105 84 63 64 43 22 1 0 



507. Najlepsza waga dla 1511975441, VBDNI dla paczek:
49 42 14 
to: (165) 
A najlepsza droga dla 1511975441, VBDNI to: 
1 22 43 44 45 46 47 48 49 28 29 8 9 10 31 32 33 34 35 36 37 38 39 40 41 40 39 38 37 36 35 34 13 34 33 32 31 10 9 8 7 6 5 4 3 2 1 0 



508. Najlepsza waga dla 1511976565, MHWIJ dla paczek:
86 
to: (46) 
A najlepsza droga dla 1511976565, MHWIJ to: 
1 22 43 64 85 64 43 22 1 0 



509. Najlepsza waga dla 1511976959, RWJLG dla paczek:
169 153 
to: (110) 
A najlepsza droga dla 1511976959, RWJLG to: 
1 22 43 64 63 84 105 126 127 148 169 168 169 148 149 150 151 152 151 150 129 108 107 86 65 44 43 22 1 0 



510. Najlepsza waga dla 1511977263, BEOOF dla paczek:
103 35 
to: (154) 
A najlepsza droga dla 1511977263, BEOOF to: 
1 22 43 44 45 46 47 48 49 70 71 72 73 94 115 116 117 118 97 98 99 100 101 102 81 80 79 78 57 36 35 34 33 32 31 10 9 8 7 6 5 4 3 2 1 0 



511. Najlepsza waga dla 1511978162, ADIST dla paczek:
102 77 
to: (146) 
A najlepsza droga dla 1511978162, ADIST to: 
1 22 43 44 45 46 47 48 49 70 71 72 73 94 115 116 117 118 97 98 99 100 101 100 99 98 97 76 75 74 73 72 71 70 49 48 47 46 45 44 43 22 1 0 



512. Najlepsza waga dla 1511978588, ZFNPS dla paczek:
20 124 91 
to: (188) 
A najlepsza droga dla 1511978588, ZFNPS to: 
1 2 3 4 5 6 7 8 9 10 31 32 33 34 35 14 15 16 17 18 19 20 41 62 83 82 103 124 123 144 143 142 141 140 139 118 117 116 115 94 93 92 91 90 69 48 47 46 45 44 43 22 1 0 



513. Najlepsza waga dla 1511979295, ZYBAD dla paczek:
50 138 65 157 
to: (124) 
A najlepsza droga dla 1511979295, ZYBAD to: 
1 22 43 44 45 46 47 48 49 70 71 72 73 94 115 116 137 116 115 114 135 156 135 134 133 112 91 70 49 48 47 46 45 66 65 64 43 22 1 0 



514. Najlepsza waga dla 1511980279, TMFHP dla paczek:
68 114 156 
to: (106) 
A najlepsza droga dla 1511980279, TMFHP to: 
1 22 43 44 45 66 67 68 47 48 49 70 91 112 113 134 155 154 133 112 91 70 49 48 47 46 45 44 43 22 1 0 



515. Najlepsza waga dla 1511981192, JONGY dla paczek:
59 121 
to: (148) 
A najlepsza droga dla 1511981192, JONGY to: 
1 2 3 4 5 6 7 8 9 10 31 32 33 34 35 36 57 58 79 100 99 120 141 140 139 118 117 116 115 94 73 72 71 70 49 48 47 46 45 44 43 22 1 0 



516. Najlepsza waga dla 1511981356, AEZQI dla paczek:
119 134 148 
to: (142) 
A najlepsza droga dla 1511981356, AEZQI to: 
1 22 43 44 45 46 47 48 49 70 71 72 73 94 115 116 117 118 117 116 115 114 113 112 133 132 131 130 129 128 127 126 147 126 105 84 63 64 43 22 1 0 



517. Najlepsza waga dla 1511982658, JONQF dla paczek:
27 42 32 154 
to: (200) 
A najlepsza droga dla 1511982658, JONQF to: 
1 22 43 44 45 46 25 26 47 48 49 70 91 112 133 154 153 154 133 112 91 92 93 94 73 52 31 32 33 34 35 36 37 38 39 40 41 40 39 38 37 36 35 34 33 32 31 10 9 8 7 6 5 4 3 2 1 0 



518. Najlepsza waga dla 1511984149, ZYBAD dla paczek:
151 
to: (76) 
A najlepsza droga dla 1511984149, ZYBAD to: 
1 22 43 44 65 86 107 108 129 150 129 108 107 86 65 44 43 22 1 0 



519. Najlepsza waga dla 1511985197, KBJAF dla paczek:
121 134 
to: (128) 
A najlepsza droga dla 1511985197, KBJAF to: 
1 22 43 44 45 46 47 48 49 70 71 72 73 94 115 116 117 118 139 140 141 120 141 140 139 118 117 116 115 114 113 112 133 112 91 70 49 48 47 46 45 44 43 22 1 0 



520. Najlepsza waga dla 1511986413, PRUFP dla paczek:
149 103 
to: (185) 
A najlepsza droga dla 1511986413, PRUFP to: 
1 22 43 64 63 84 105 126 127 148 149 150 151 152 131 132 133 112 113 114 115 116 117 118 97 98 99 100 101 102 101 100 99 98 97 118 117 116 115 94 73 72 71 70 49 48 47 46 45 44 43 22 1 0 



521. Najlepsza waga dla 1511987652, ZBQTG dla paczek:
165 158 125 70 
to: (187) 
A najlepsza droga dla 1511987652, ZBQTG to: 
1 22 43 44 45 46 47 48 49 70 71 72 73 94 115 116 117 118 139 140 141 162 163 164 143 144 123 124 123 144 143 164 163 162 161 160 181 180 201 200 199 178 157 156 135 134 133 112 91 90 69 48 47 46 45 44 43 22 1 0 



522. Najlepsza waga dla 1511988461, QEPWP dla paczek:
80 31 145 36 
to: (165) 
A najlepsza droga dla 1511988461, QEPWP to: 
1 22 43 44 45 46 47 48 49 28 29 30 31 32 33 34 35 36 57 78 79 80 81 102 123 144 143 142 141 140 139 118 117 116 115 94 73 72 71 70 49 48 47 46 45 44 43 22 1 0 



523. Najlepsza waga dla 1511989767, DDERH dla paczek:
112 35 105 81 
to: (173) 
A najlepsza droga dla 1511989767, DDERH to: 
1 22 43 44 45 46 47 48 69 90 111 112 113 114 115 116 117 118 97 98 99 100 101 80 81 82 103 104 103 82 81 80 79 78 57 36 35 34 33 32 31 10 9 8 7 6 5 4 3 2 1 0 



524. Najlepsza waga dla 1511990862, QQQFR dla paczek:
69 
to: (50) 
A najlepsza droga dla 1511990862, QQQFR to: 
1 22 43 44 45 66 67 68 67 66 45 44 43 22 1 0 



525. Najlepsza waga dla 1511991944, IEBZI dla paczek:
29 137 126 87 
to: (206) 
A najlepsza droga dla 1511991944, IEBZI to: 
1 22 43 44 45 46 47 48 49 28 49 70 71 72 73 94 115 116 117 118 139 140 141 142 143 144 123 124 125 124 123 144 143 164 163 162 161 160 159 138 137 136 135 134 133 132 131 130 109 88 87 86 65 44 43 22 1 0 



526. Najlepsza waga dla 1511992976, PJZZQ dla paczek:
101 61 
to: (157) 
A najlepsza droga dla 1511992976, PJZZQ to: 
1 22 43 44 45 46 47 48 49 70 71 72 73 94 115 116 117 118 97 98 99 100 101 80 81 60 39 38 37 36 35 34 33 32 31 10 9 8 7 6 5 4 3 2 1 0 



527. Najlepsza waga dla 1511993480, PGFIJ dla paczek:
22 19 91 42 
to: (173) 
A najlepsza droga dla 1511993480, PGFIJ to: 
21 22 43 44 45 46 47 48 69 90 91 92 93 94 73 52 31 32 33 34 35 14 15 16 17 18 19 20 41 40 39 38 37 36 35 34 33 32 31 10 9 8 7 6 5 4 3 2 1 0 



528. Najlepsza waga dla 1511993667, KHYZH dla paczek:
69 144 126 167 
to: (180) 
A najlepsza droga dla 1511993667, KHYZH to: 
1 22 43 44 45 66 67 68 47 48 49 70 71 72 73 94 115 116 117 118 139 140 141 142 143 144 123 124 125 124 145 166 145 144 143 142 141 140 139 118 117 116 115 94 73 72 71 70 49 48 47 46 45 44 43 22 1 0 



529. Najlepsza waga dla 1511994144, HJEVU dla paczek:
107 
to: (50) 
A najlepsza droga dla 1511994144, HJEVU to: 
1 22 43 64 85 106 85 64 43 22 1 0 



530. Najlepsza waga dla 1511994255, MWTUS dla paczek:
114 165 78 
to: (153) 
A najlepsza droga dla 1511994255, MWTUS to: 
1 22 43 44 45 46 47 48 49 70 91 112 113 114 115 116 117 118 139 140 141 162 163 164 163 162 141 120 99 98 77 56 35 34 33 32 31 10 9 8 7 6 5 4 3 2 1 0 



531. Najlepsza waga dla 1511994593, OCTTM dla paczek:
93 
to: (68) 
A najlepsza droga dla 1511994593, OCTTM to: 
1 22 43 44 45 46 47 48 49 70 91 92 91 70 49 48 47 46 45 44 43 22 1 0 



532. Najlepsza waga dla 1511996034, UUMQO dla paczek:
98 123 78 92 
to: (158) 
A najlepsza droga dla 1511996034, UUMQO to: 
1 2 3 4 5 6 7 8 9 10 31 32 33 34 35 56 77 98 99 100 101 122 101 100 99 98 97 118 117 116 115 94 93 92 91 70 49 48 47 46 45 44 43 22 1 0 



533. Najlepsza waga dla 1511996652, DTXTX dla paczek:
159 34 25 
to: (136) 
A najlepsza droga dla 1511996652, DTXTX to: 
1 2 3 4 5 6 7 8 9 10 31 32 33 32 31 52 73 94 115 116 137 158 137 116 115 94 73 72 71 70 49 48 47 46 25 24 3 2 1 0 



534. Najlepsza waga dla 1511997820, QEUNT dla paczek:
67 21 148 
to: (219) 
A najlepsza droga dla 1511997820, QEUNT to: 
1 2 3 4 5 6 7 8 9 10 31 32 33 34 35 36 37 38 39 40 41 20 41 40 39 38 37 36 35 34 33 32 31 10 9 8 29 28 49 48 47 46 45 66 65 64 63 84 105 126 147 126 105 84 63 64 43 22 1 0 



535. Najlepsza waga dla 1511998844, XZFAK dla paczek:
29 150 
to: (106) 
A najlepsza droga dla 1511998844, XZFAK to: 
1 22 43 44 45 46 47 48 49 28 49 70 91 112 133 132 131 152 151 150 149 128 107 86 65 44 43 22 1 0 



536. Najlepsza waga dla 1512000003, YCNVE dla paczek:
102 159 91 
to: (168) 
A najlepsza droga dla 1512000003, YCNVE to: 
1 22 43 44 45 46 47 48 49 70 71 72 73 94 115 116 117 118 97 98 99 100 101 100 99 98 97 118 117 116 137 158 137 116 115 94 93 92 91 90 69 48 47 46 45 44 43 22 1 0 



537. Najlepsza waga dla 1512000515, TGOSM dla paczek:
126 156 
to: (194) 
A najlepsza droga dla 1512000515, TGOSM to: 
1 22 43 44 45 46 47 48 49 70 71 72 73 94 115 116 117 118 139 140 141 142 143 144 123 124 125 124 123 144 143 142 141 140 139 118 117 116 115 114 135 134 155 154 133 112 91 70 49 48 47 46 45 44 43 22 1 0 



538. Najlepsza waga dla 1512000647, EGYLU dla paczek:
141 
to: (108) 
A najlepsza droga dla 1512000647, EGYLU to: 
1 22 43 44 45 46 47 48 49 70 71 72 73 94 115 116 117 118 139 140 139 118 117 116 115 94 73 72 71 70 49 48 47 46 45 44 43 22 1 0 



539. Najlepsza waga dla 1512000919, POPTF dla paczek:
25 28 
to: (59) 
A najlepsza droga dla 1512000919, POPTF to: 
1 2 3 24 25 26 27 26 25 46 45 44 43 22 1 0 



540. Najlepsza waga dla 1512001353, WMCDZ dla paczek:
83 21 166 
to: (189) 
A najlepsza droga dla 1512001353, WMCDZ to: 
1 2 3 4 5 6 7 8 9 10 31 32 33 34 35 36 37 38 39 40 41 20 41 62 83 82 103 124 145 166 165 164 163 162 141 140 139 118 117 116 115 94 73 72 71 70 49 48 47 46 45 44 43 22 1 0 



541. Najlepsza waga dla 1512002586, XUMBT dla paczek:
81 59 82 37 
to: (155) 
A najlepsza droga dla 1512002586, XUMBT to: 
1 2 3 4 5 6 7 8 9 10 31 32 33 34 35 36 57 78 79 80 81 80 79 58 57 36 35 34 33 32 31 10 9 8 7 6 5 4 3 2 1 0 



542. Najlepsza waga dla 1512003180, JONQF dla paczek:
161 112 135 
to: (121) 
A najlepsza droga dla 1512003180, JONQF to: 
1 22 43 44 45 46 47 48 49 70 71 72 73 94 115 116 137 138 159 160 159 138 137 116 115 114 135 134 133 112 111 90 69 48 47 46 45 44 43 22 1 0 



543. Najlepsza waga dla 1512003514, KLNCX dla paczek:
58 111 
to: (133) 
A najlepsza droga dla 1512003514, KLNCX to: 
1 2 3 4 5 6 7 8 9 10 31 32 33 34 35 36 57 36 35 34 33 32 31 52 73 94 93 92 91 90 111 110 89 68 67 66 45 44 43 22 1 0 



544. Najlepsza waga dla 1512003615, FARQP dla paczek:
124 
to: (154) 
A najlepsza droga dla 1512003615, FARQP to: 
1 22 43 44 45 46 47 48 49 70 71 72 73 94 115 116 117 118 139 140 141 142 143 144 123 144 143 142 141 140 139 118 117 116 115 94 73 72 71 70 49 48 47 46 45 44 43 22 1 0 



545. Najlepsza waga dla 1512004205, TIOZO dla paczek:
139 101 34 
to: (139) 
A najlepsza droga dla 1512004205, TIOZO to: 
1 22 43 44 45 46 47 48 49 70 71 72 73 94 115 116 137 138 139 118 97 98 99 100 99 98 77 56 35 34 33 32 31 10 9 8 7 6 5 4 3 2 1 0 



546. Najlepsza waga dla 1512004369, XIVMV dla paczek:
84 124 59 
to: (175) 
A najlepsza droga dla 1512004369, XIVMV to: 
1 22 43 44 45 46 47 48 49 70 71 72 73 94 115 116 117 118 139 140 141 142 143 144 123 124 103 82 83 62 61 60 59 58 57 36 35 34 33 32 31 10 9 8 7 6 5 4 3 2 1 0 



547. Najlepsza waga dla 1512005123, UQIKA dla paczek:
150 81 164 
to: (195) 
A najlepsza droga dla 1512005123, UQIKA to: 
1 22 43 44 65 86 107 128 149 150 151 152 131 132 133 112 113 114 115 116 117 118 139 140 141 162 163 164 143 122 101 80 79 78 57 36 35 34 33 32 31 10 9 8 7 6 5 4 3 2 1 0 



548. Najlepsza waga dla 1512005886, STVXL dla paczek:
117 134 
to: (94) 
A najlepsza droga dla 1512005886, STVXL to: 
1 22 43 44 45 46 47 48 49 70 71 72 73 94 115 116 115 114 113 112 133 112 91 70 49 48 47 46 45 44 43 22 1 0 



549. Najlepsza waga dla 1512007022, ADKVV dla paczek:
52 
to: (76) 
A najlepsza droga dla 1512007022, ADKVV to: 
1 22 43 44 45 46 47 48 49 50 51 50 49 48 47 46 45 44 43 22 1 0 



550. Najlepsza waga dla 1512007830, ZKFVA dla paczek:
121 50 70 
to: (126) 
A najlepsza droga dla 1512007830, ZKFVA to: 
1 22 43 44 45 46 47 48 49 70 71 72 73 94 115 116 117 118 139 140 141 120 141 140 139 118 117 116 115 94 93 92 91 90 69 48 47 46 45 44 43 22 1 0 



551. Najlepsza waga dla 1512008783, GHSGJ dla paczek:
13 
to: (102) 
A najlepsza droga dla 1512008783, GHSGJ to: 
1 2 3 4 5 6 7 8 9 10 11 12 11 10 9 8 7 6 5 4 3 2 1 0 



552. Najlepsza waga dla 1512009881, ZKFVA dla paczek:
41 104 92 
to: (172) 
A najlepsza droga dla 1512009881, ZKFVA to: 
1 2 3 4 5 6 7 8 9 10 31 32 33 34 35 36 37 38 39 40 61 62 83 82 103 82 81 80 101 100 99 98 97 118 117 116 115 94 93 92 91 70 49 48 47 46 45 44 43 22 1 0 



553. Najlepsza waga dla 1512010508, DJLJT dla paczek:
22 37 46 
to: (116) 
A najlepsza droga dla 1512010508, DJLJT to: 
21 22 43 44 45 46 47 48 49 28 29 8 9 10 31 32 33 34 35 36 35 34 33 32 31 10 9 8 7 6 5 4 3 2 1 0 



554. Najlepsza waga dla 1512010539, UDHAJ dla paczek:
160 
to: (100) 
A najlepsza droga dla 1512010539, UDHAJ to: 
1 22 43 44 45 46 47 48 49 70 71 72 73 94 115 116 137 138 159 138 137 116 115 94 73 72 71 70 49 48 47 46 45 44 43 22 1 0 



555. Najlepsza waga dla 1512011967, ADIST dla paczek:
90 
to: (64) 
A najlepsza droga dla 1512011967, ADIST to: 
1 22 43 44 45 66 67 68 89 68 67 66 45 44 43 22 1 0 



556. Najlepsza waga dla 1512013434, YZQEI dla paczek:
110 85 
to: (75) 
A najlepsza droga dla 1512013434, YZQEI to: 
1 22 43 44 45 66 67 88 109 108 107 106 105 84 63 64 43 22 1 0 



557. Najlepsza waga dla 1512014793, TAERF dla paczek:
77 
to: (106) 
A najlepsza droga dla 1512014793, TAERF to: 
1 22 43 44 45 46 47 48 49 70 71 72 73 74 75 76 75 74 73 72 71 70 49 48 47 46 45 44 43 22 1 0 



558. Najlepsza waga dla 1512014906, JDCDX dla paczek:
92 109 148 99 
to: (171) 
A najlepsza droga dla 1512014906, JDCDX to: 
1 22 43 44 45 46 47 48 49 70 91 92 93 94 115 116 117 118 97 98 97 118 117 116 115 114 113 112 133 132 131 130 129 128 127 126 147 126 127 128 107 108 107 86 65 44 43 22 1 0 



559. Najlepsza waga dla 1512015709, PFKOO dla paczek:
79 118 94 123 
to: (159) 
A najlepsza droga dla 1512015709, PFKOO to: 
1 2 3 4 5 6 7 8 9 10 31 32 33 34 35 36 57 78 99 100 101 122 101 100 99 98 97 118 117 116 115 94 93 92 91 70 49 48 47 46 45 44 43 22 1 0 



560. Najlepsza waga dla 1512016587, YZQEI dla paczek:
116 68 
to: (93) 
A najlepsza droga dla 1512016587, YZQEI to: 
1 22 43 44 45 46 47 48 49 70 71 72 73 94 115 94 73 72 71 70 49 48 47 68 67 66 45 44 43 22 1 0 



561. Najlepsza waga dla 1512016809, RWJLG dla paczek:
26 83 27 
to: (160) 
A najlepsza droga dla 1512016809, RWJLG to: 
1 22 43 44 45 46 25 26 47 48 49 28 29 8 9 10 31 32 33 34 35 36 57 78 79 80 81 82 81 80 79 78 57 36 35 34 33 32 31 10 9 8 7 6 5 4 3 2 1 0 



562. Najlepsza waga dla 1512017890, UEPZT dla paczek:
87 
to: (46) 
A najlepsza droga dla 1512017890, UEPZT to: 
1 22 43 44 65 86 65 44 43 22 1 0 



563. Najlepsza waga dla 1512018189, KCIIW dla paczek:
139 39 114 
to: (152) 
A najlepsza droga dla 1512018189, KCIIW to: 
1 2 3 4 5 6 7 8 9 10 31 32 33 34 35 36 37 38 37 36 57 78 77 98 97 118 139 138 137 116 115 114 113 112 91 70 49 48 47 46 45 44 43 22 1 0 



564. Najlepsza waga dla 1512019407, UEPZT dla paczek:
28 
to: (58) 
A najlepsza droga dla 1512019407, UEPZT to: 
1 22 43 44 45 46 25 26 27 26 25 46 45 44 43 22 1 0 



565. Najlepsza waga dla 1512020709, LRHNY dla paczek:
123 69 145 124 
to: (167) 
A najlepsza droga dla 1512020709, LRHNY to: 
1 22 43 44 45 46 47 48 49 70 71 72 73 94 115 116 117 118 97 98 99 100 101 122 123 144 143 142 141 140 139 118 117 116 115 94 73 72 71 70 49 48 47 68 67 66 45 44 43 22 1 0 



566. Najlepsza waga dla 1512022159, HJEVU dla paczek:
109 65 109 
to: (60) 
A najlepsza droga dla 1512022159, HJEVU to: 
1 22 43 44 65 86 107 108 107 106 85 64 43 22 1 0 



567. Najlepsza waga dla 1512022658, DTXTX dla paczek:
50 101 56 
to: (134) 
A najlepsza droga dla 1512022658, DTXTX to: 
1 22 43 44 45 46 47 48 49 70 71 72 73 94 115 116 117 118 97 98 99 100 99 98 97 76 55 76 75 74 73 72 71 70 49 48 47 46 45 44 43 22 1 0 



568. Najlepsza waga dla 1512023345, STVXL dla paczek:
28 126 
to: (180) 
A najlepsza droga dla 1512023345, STVXL to: 
1 22 43 44 45 46 25 26 27 28 49 70 71 72 73 94 115 116 117 118 139 140 141 142 143 144 123 124 125 124 123 144 143 142 141 140 139 118 117 116 115 94 73 72 71 70 49 48 47 46 45 44 43 22 1 0 



569. Najlepsza waga dla 1512024590, YFXGM dla paczek:
122 117 
to: (142) 
A najlepsza droga dla 1512024590, YFXGM to: 
1 22 43 44 45 46 47 48 49 70 71 72 73 94 115 116 117 118 139 140 141 120 121 120 141 140 139 118 117 116 115 94 73 72 71 70 49 48 47 46 45 44 43 22 1 0 



570. Najlepsza waga dla 1512024954, QOFYZ dla paczek:
136 83 153 
to: (183) 
A najlepsza droga dla 1512024954, QOFYZ to: 
1 2 3 4 5 6 7 8 9 10 31 32 33 34 35 36 57 78 79 80 81 82 81 80 101 100 99 98 97 118 117 116 115 114 135 134 133 132 131 152 151 150 129 108 107 86 65 44 43 22 1 0 



571. Najlepsza waga dla 1512026246, TGOSM dla paczek:
135 127 101 56 
to: (164) 
A najlepsza droga dla 1512026246, TGOSM to: 
1 22 43 64 63 84 105 126 127 128 129 130 131 132 133 134 135 114 115 116 117 118 97 98 99 100 99 98 97 76 55 76 75 74 73 72 71 70 49 48 47 46 45 44 43 22 1 0 



572. Najlepsza waga dla 1512026525, ZFNPS dla paczek:
37 48 132 80 
to: (149) 
A najlepsza droga dla 1512026525, ZFNPS to: 
1 2 3 4 5 6 7 8 9 10 31 32 33 34 35 36 57 78 79 78 77 98 97 118 117 116 115 114 113 112 133 132 131 132 133 112 91 70 49 48 47 46 45 44 43 22 1 0 



573. Najlepsza waga dla 1512026758, PKVIU dla paczek:
84 142 99 110 
to: (188) 
A najlepsza droga dla 1512026758, PKVIU to: 
1 22 43 44 45 46 47 48 49 70 71 72 73 94 115 116 117 118 139 140 141 120 99 100 101 80 81 82 83 82 81 80 101 100 99 98 97 118 117 116 115 114 113 112 111 110 109 88 67 66 45 44 43 22 1 0 



574. Najlepsza waga dla 1512027894, ZCIVT dla paczek:
35 153 
to: (134) 
A najlepsza droga dla 1512027894, ZCIVT to: 
1 2 3 4 5 6 7 8 9 10 31 32 33 34 33 32 31 52 73 94 93 92 91 112 133 132 131 152 151 150 129 108 107 86 65 44 43 22 1 0 



575. Najlepsza waga dla 1512028090, XNUPP dla paczek:
114 145 46 15 
to: (167) 
A najlepsza droga dla 1512028090, XNUPP to: 
1 22 43 44 45 46 47 48 49 70 91 112 113 114 115 116 117 118 139 140 141 142 143 144 143 142 121 100 99 98 77 56 35 14 35 34 33 32 31 10 9 8 7 6 5 4 3 2 1 0 



576. Najlepsza waga dla 1512029208, LWSSZ dla paczek:
46 
to: (38) 
A najlepsza droga dla 1512029208, LWSSZ to: 
1 22 43 44 45 44 43 22 1 0 



577. Najlepsza waga dla 1512029333, IEBZI dla paczek:
96 114 
to: (94) 
A najlepsza droga dla 1512029333, IEBZI to: 
1 22 43 44 45 46 47 48 49 70 71 72 73 94 95 94 115 114 113 112 91 70 49 48 47 46 45 44 43 22 1 0 



578. Najlepsza waga dla 1512030067, TCWTQ dla paczek:
144 59 70 
to: (168) 
A najlepsza droga dla 1512030067, TCWTQ to: 
1 2 3 4 5 6 7 8 9 10 31 32 33 34 35 36 57 58 79 100 121 142 143 142 141 140 139 118 117 116 115 94 93 92 91 90 69 48 47 46 45 44 43 22 1 0 



579. Najlepsza waga dla 1512031510, VXUFJ dla paczek:
49 26 
to: (50) 
A najlepsza droga dla 1512031510, VXUFJ to: 
1 22 43 44 45 46 47 48 47 46 25 46 45 44 43 22 1 0 



580. Najlepsza waga dla 1512031783, PXCFO dla paczek:
101 74 146 112 
to: (168) 
A najlepsza droga dla 1512031783, PXCFO to: 
1 22 43 44 45 46 47 48 49 70 71 72 73 94 115 116 117 118 97 98 99 100 121 142 143 144 145 144 143 142 141 140 139 118 117 116 115 114 113 112 111 90 69 48 47 46 45 44 43 22 1 0 



581. Najlepsza waga dla 1512032551, EGOHO dla paczek:
63 159 
to: (184) 
A najlepsza droga dla 1512032551, EGOHO to: 
1 2 3 4 5 6 7 8 9 10 31 32 33 34 35 36 37 38 39 60 61 62 83 82 81 80 101 100 99 98 97 118 117 116 137 158 137 116 115 94 73 72 71 70 49 48 47 46 45 44 43 22 1 0 



582. Najlepsza waga dla 1512032962, ZFNPS dla paczek:
162 41 144 
to: (180) 
A najlepsza droga dla 1512032962, ZFNPS to: 
1 22 43 44 45 46 47 48 49 70 71 72 73 94 115 116 137 138 159 160 161 162 163 164 143 144 123 124 103 82 83 62 61 40 39 38 37 36 35 34 33 32 31 10 9 8 7 6 5 4 3 2 1 0 



583. Najlepsza waga dla 1512033917, VLCUD dla paczek:
124 157 106 55 
to: (208) 
A najlepsza droga dla 1512033917, VLCUD to: 
1 22 43 64 63 84 105 106 107 108 109 130 131 132 133 134 135 156 135 114 115 116 117 118 139 140 141 142 143 144 123 102 101 100 99 98 97 76 55 54 53 52 31 10 9 8 7 6 5 4 3 2 1 0 



584. Najlepsza waga dla 1512034071, FPVNJ dla paczek:
135 22 87 158 
to: (128) 
A najlepsza droga dla 1512034071, FPVNJ to: 
1 22 43 44 45 46 47 48 49 70 91 112 133 134 135 156 157 156 135 134 133 132 131 130 109 88 87 86 65 44 43 22 21 0 



585. Najlepsza waga dla 1512034268, ATMVF dla paczek:
51 115 
to: (92) 
A najlepsza droga dla 1512034268, ATMVF to: 
1 22 43 44 45 46 47 48 49 50 49 70 91 92 93 114 93 92 91 70 49 48 47 46 45 44 43 22 1 0 



586. Najlepsza waga dla 1512034728, ALQWY dla paczek:
43 58 
to: (127) 
A najlepsza droga dla 1512034728, ALQWY to: 
21 42 43 44 45 46 47 48 49 28 29 8 9 10 31 32 33 34 35 36 57 36 35 34 33 32 31 10 9 8 7 6 5 4 3 2 1 0 



587. Najlepsza waga dla 1512035720, QQQFR dla paczek:
17 111 76 83 
to: (187) 
A najlepsza droga dla 1512035720, QQQFR to: 
1 2 3 4 5 6 7 8 9 10 31 32 33 34 35 14 15 16 37 38 39 60 61 62 83 82 81 80 101 100 99 98 97 76 75 74 73 94 93 92 91 90 111 110 89 68 67 66 45 44 43 22 1 0 



588. Najlepsza waga dla 1512037033, XVSFV dla paczek:
147 
to: (164) 
A najlepsza droga dla 1512037033, XVSFV to: 
1 22 43 44 45 46 47 48 49 70 71 72 73 94 115 116 117 118 139 140 141 142 143 144 145 146 145 144 143 142 141 140 139 118 117 116 115 94 73 72 71 70 49 48 47 46 45 44 43 22 1 0 



589. Najlepsza waga dla 1512038510, SHBNP dla paczek:
143 158 
to: (164) 
A najlepsza droga dla 1512038510, SHBNP to: 
1 22 43 44 45 46 47 48 49 70 71 72 73 94 115 116 117 118 139 140 141 142 141 140 161 160 181 180 201 200 199 178 157 156 135 134 133 112 91 70 49 48 47 46 45 44 43 22 1 0 



590. Najlepsza waga dla 1512039143, IVLOL dla paczek:
79 161 54 
to: (145) 
A najlepsza droga dla 1512039143, IVLOL to: 
1 22 43 44 45 46 47 48 49 70 71 72 73 94 115 116 137 138 159 160 139 118 97 98 77 78 57 36 35 34 33 32 53 52 31 10 9 8 7 6 5 4 3 2 1 0 



591. Najlepsza waga dla 1512039566, BDVWM dla paczek:
112 
to: (72) 
A najlepsza droga dla 1512039566, BDVWM to: 
1 22 43 44 45 46 47 48 69 90 111 90 69 48 47 46 45 44 43 22 1 0 



592. Najlepsza waga dla 1512040454, FPVNJ dla paczek:
127 127 95 
to: (114) 
A najlepsza droga dla 1512040454, FPVNJ to: 
1 22 43 64 63 84 105 126 127 128 129 130 131 132 133 112 91 92 93 94 73 72 71 70 49 48 47 46 45 44 43 22 1 0 



593. Najlepsza waga dla 1512041611, CBJLY dla paczek:
93 81 
to: (150) 
A najlepsza droga dla 1512041611, CBJLY to: 
1 22 43 44 45 46 47 48 49 70 91 92 93 94 115 116 117 118 97 98 99 100 101 80 79 78 57 36 35 34 33 32 31 10 9 8 7 6 5 4 3 2 1 0 



594. Najlepsza waga dla 1512041966, NSSBS dla paczek:
90 104 
to: (171) 
A najlepsza droga dla 1512041966, NSSBS to: 
1 22 43 44 45 66 67 68 89 90 91 92 93 94 115 116 117 118 97 98 99 100 101 80 81 82 103 82 81 80 79 78 57 36 35 34 33 32 31 10 9 8 7 6 5 4 3 2 1 0 



595. Najlepsza waga dla 1512042019, WUVTI dla paczek:
133 
to: (80) 
A najlepsza droga dla 1512042019, WUVTI to: 
1 22 43 44 45 46 47 48 49 70 91 112 133 132 133 112 91 70 49 48 47 46 45 44 43 22 1 0 



596. Najlepsza waga dla 1512043323, GBKMO dla paczek:
50 
to: (50) 
A najlepsza droga dla 1512043323, GBKMO to: 
1 22 43 44 45 46 47 48 49 48 47 46 45 44 43 22 1 0 



597. Najlepsza waga dla 1512043803, XIVMV dla paczek:
58 21 102 
to: (177) 
A najlepsza droga dla 1512043803, XIVMV to: 
1 2 3 4 5 6 7 8 9 10 31 32 33 34 35 36 57 36 37 38 39 40 41 20 41 62 83 82 81 80 101 100 99 98 97 118 117 116 115 94 73 72 71 70 49 48 47 46 45 44 43 22 1 0 



598. Najlepsza waga dla 1512045087, GBKMO dla paczek:
83 118 
to: (158) 
A najlepsza droga dla 1512045087, GBKMO to: 
1 2 3 4 5 6 7 8 9 10 31 32 33 34 35 36 57 78 79 80 81 82 81 80 101 100 99 98 97 118 117 116 115 94 73 72 71 70 49 48 47 46 45 44 43 22 1 0 



599. Najlepsza waga dla 1512045187, VBVCM dla paczek:
113 13 
to: (117) 
A najlepsza droga dla 1512045187, VBVCM to: 
1 22 43 44 45 46 47 48 49 70 91 112 91 92 93 94 73 52 31 32 33 12 11 10 9 8 7 6 5 4 3 2 1 0 



600. Najlepsza waga dla 1512046318, YZQEI dla paczek:
119 36 
to: (122) 
A najlepsza droga dla 1512046318, YZQEI to: 
1 22 43 44 45 46 47 48 49 70 71 72 73 94 115 116 117 118 97 98 77 56 35 34 33 32 31 10 9 8 7 6 5 4 3 2 1 0 



601. Najlepsza waga dla 1512047096, QEVGR dla paczek:
37 
to: (114) 
A najlepsza droga dla 1512047096, QEVGR to: 
1 2 3 4 5 6 7 8 9 10 31 32 33 34 35 36 35 34 33 32 31 10 9 8 7 6 5 4 3 2 1 0 



602. Najlepsza waga dla 1512047626, HFCQS dla paczek:
59 28 27 
to: (139) 
A najlepsza droga dla 1512047626, HFCQS to: 
1 2 3 4 5 6 7 8 9 10 31 32 33 34 35 36 57 58 57 36 35 34 33 32 31 10 9 8 29 28 27 26 25 46 45 44 43 22 1 0 



