100. Najlepsza waga dla 1511683733, NRSAD dla paczek:
156 163 30 
to: (154) 
A najlepsza droga dla 1511683733, NRSAD to: 
1 22 43 44 45 46 47 48 49 70 91 112 133 154 155 134 135 114 115 116 117 118 139 140 141 162 141 140 139 118 117 116 115 94 73 52 31 10 9 8 29 28 49 48 47 46 45 44 43 22 1 0 



101. Najlepsza waga dla 1511684780, DGECF dla paczek:
162 35 
to: (135) 
A najlepsza droga dla 1511684780, DGECF to: 
1 22 43 44 45 46 47 48 49 70 71 72 73 94 115 116 137 138 159 160 161 140 139 118 97 98 77 56 35 34 33 32 31 10 9 8 7 6 5 4 3 2 1 0 



102. Najlepsza waga dla 1511685784, AEZQI dla paczek:
160 124 101 54 
to: (169) 
A najlepsza droga dla 1511685784, AEZQI to: 
1 22 43 44 45 46 47 48 49 70 71 72 73 94 115 116 137 138 159 160 161 162 163 164 143 144 123 102 101 100 99 98 97 76 55 54 53 52 31 10 9 8 7 6 5 4 3 2 1 0 



103. Najlepsza waga dla 1511686208, XNUPP dla paczek:
121 
to: (124) 
A najlepsza droga dla 1511686208, XNUPP to: 
1 22 43 44 45 46 47 48 49 70 71 72 73 94 115 116 117 118 139 140 141 120 141 140 139 118 117 116 115 94 73 72 71 70 49 48 47 46 45 44 43 22 1 0 



104. Najlepsza waga dla 1511687341, NQJFX dla paczek:
52 124 
to: (164) 
A najlepsza droga dla 1511687341, NQJFX to: 
1 22 43 44 45 46 47 48 49 50 51 52 73 94 115 116 117 118 139 140 141 142 143 144 123 144 143 142 141 140 139 118 117 116 115 94 73 72 71 70 49 48 47 46 45 44 43 22 1 0 



105. Najlepsza waga dla 1511687583, WUVTI dla paczek:
93 164 
to: (134) 
A najlepsza droga dla 1511687583, WUVTI to: 
1 22 43 44 45 46 47 48 49 70 91 92 93 94 115 116 117 118 139 140 141 162 163 162 141 140 139 118 117 116 115 94 73 72 71 70 49 48 47 46 45 44 43 22 1 0 



106. Najlepsza waga dla 1511688238, FPVNJ dla paczek:
47 141 24 109 
to: (133) 
A najlepsza droga dla 1511688238, FPVNJ to: 
1 22 23 24 25 46 47 48 49 70 71 72 73 94 115 116 117 118 139 140 139 118 117 116 115 114 113 112 111 110 109 108 107 86 65 44 43 22 1 0 



107. Najlepsza waga dla 1511688614, ZFNPS dla paczek:
15 137 
to: (135) 
A najlepsza droga dla 1511688614, ZFNPS to: 
1 2 3 4 5 6 7 8 9 10 31 32 33 34 35 14 35 34 33 32 31 52 73 94 115 136 135 134 133 112 91 70 49 48 47 46 45 44 43 22 1 0 



108. Najlepsza waga dla 1511689936, MUVXT dla paczek:
95 125 24 137 
to: (180) 
A najlepsza droga dla 1511689936, MUVXT to: 
1 22 43 44 45 46 47 48 49 70 71 72 73 94 115 116 117 118 139 140 141 142 143 144 123 124 123 144 143 164 163 162 161 160 159 138 137 136 135 134 133 112 91 70 49 48 47 46 25 24 23 22 1 0 



109. Najlepsza waga dla 1511690339, YFCRU dla paczek:
125 71 
to: (162) 
A najlepsza droga dla 1511690339, YFCRU to: 
1 22 43 44 45 46 47 48 49 70 71 72 73 94 115 116 117 118 139 140 141 142 143 144 123 124 123 144 143 142 141 140 139 118 117 116 115 94 73 72 71 70 49 48 47 46 45 44 43 22 1 0 



110. Najlepsza waga dla 1511690566, QEPWP dla paczek:
112 78 102 156 
to: (177) 
A najlepsza droga dla 1511690566, QEPWP to: 
1 22 43 44 45 46 47 48 69 90 111 112 133 154 155 134 135 114 115 116 117 118 97 98 99 100 101 100 99 98 77 56 35 34 33 32 31 10 9 8 7 6 5 4 3 2 1 0 



111. Najlepsza waga dla 1511691633, GBKMO dla paczek:
91 26 
to: (66) 
A najlepsza droga dla 1511691633, GBKMO to: 
1 22 43 44 45 46 47 48 69 90 69 48 47 46 25 46 45 44 43 22 1 0 



112. Najlepsza waga dla 1511692038, LRHNY dla paczek:
163 
to: (126) 
A najlepsza droga dla 1511692038, LRHNY to: 
1 22 43 44 45 46 47 48 49 70 71 72 73 94 115 116 117 118 139 140 141 162 141 140 139 118 117 116 115 94 73 72 71 70 49 48 47 46 45 44 43 22 1 0 



113. Najlepsza waga dla 1511692228, UDHAJ dla paczek:
134 57 
to: (125) 
A najlepsza droga dla 1511692228, UDHAJ to: 
1 22 43 44 45 46 47 48 49 70 91 112 133 112 91 92 93 94 73 52 31 32 33 34 35 56 35 34 33 32 31 10 9 8 7 6 5 4 3 2 1 0 



114. Najlepsza waga dla 1511693570, WUVTI dla paczek:
92 121 151 143 
to: (161) 
A najlepsza droga dla 1511693570, WUVTI to: 
1 22 43 44 45 46 47 48 49 70 91 92 93 94 115 116 117 118 139 140 141 120 141 142 141 140 139 118 117 116 115 114 113 112 133 132 131 152 151 150 129 108 107 86 65 44 43 22 1 0 



115. Najlepsza waga dla 1511694238, IDEWX dla paczek:
53 59 152 
to: (165) 
A najlepsza droga dla 1511694238, IDEWX to: 
1 2 3 4 5 6 7 8 9 10 31 52 31 32 33 34 35 36 57 58 79 78 77 98 97 118 117 116 115 114 113 112 133 132 131 152 151 150 129 108 107 86 65 44 43 22 1 0 



116. Najlepsza waga dla 1511695417, ZCIVT dla paczek:
123 91 
to: (156) 
A najlepsza droga dla 1511695417, ZCIVT to: 
1 22 43 44 45 46 47 48 49 70 71 72 73 94 115 116 117 118 97 98 99 100 101 122 101 100 99 98 97 118 117 116 115 94 93 92 91 90 69 48 47 46 45 44 43 22 1 0 



117. Najlepsza waga dla 1511696471, LVNEF dla paczek:
146 70 
to: (154) 
A najlepsza droga dla 1511696471, LVNEF to: 
1 22 43 44 45 46 47 48 49 70 71 72 73 94 115 116 117 118 139 140 141 142 143 144 145 144 143 142 141 140 139 118 117 116 115 94 93 92 91 90 69 48 47 46 45 44 43 22 1 0 



118. Najlepsza waga dla 1511696473, BQJHX dla paczek:
21 16 41 
to: (165) 
A najlepsza droga dla 1511696473, BQJHX to: 
1 2 3 4 5 6 7 8 9 10 31 32 33 34 35 14 15 16 17 18 19 20 41 40 39 38 37 36 35 34 33 32 31 10 9 8 7 6 5 4 3 2 1 0 



119. Najlepsza waga dla 1511697286, QEUNT dla paczek:
91 39 
to: (137) 
A najlepsza droga dla 1511697286, QEUNT to: 
1 22 43 44 45 46 47 48 69 90 91 92 93 94 73 52 31 32 33 34 35 36 37 38 37 36 35 34 33 32 31 10 9 8 7 6 5 4 3 2 1 0 



120. Najlepsza waga dla 1511697288, FHZVC dla paczek:
116 33 
to: (101) 
A najlepsza droga dla 1511697288, FHZVC to: 
1 22 43 44 45 46 47 48 49 70 71 72 73 94 115 94 73 52 31 32 31 10 9 8 7 6 5 4 3 2 1 0 



121. Najlepsza waga dla 1511698066, VGBPD dla paczek:
129 
to: (70) 
A najlepsza droga dla 1511698066, VGBPD to: 
1 22 43 44 65 86 107 128 107 86 65 44 43 22 1 0 



122. Najlepsza waga dla 1511699073, POPTF dla paczek:
23 93 85 46 
to: (86) 
A najlepsza droga dla 1511699073, POPTF to: 
1 22 43 44 45 46 47 48 49 70 91 92 91 70 49 48 47 46 45 66 65 64 63 84 63 64 43 22 1 0 



123. Najlepsza waga dla 1511700461, NRSAD dla paczek:
120 126 135 153 
to: (201) 
A najlepsza droga dla 1511700461, NRSAD to: 
1 22 43 44 45 46 47 48 49 70 71 72 73 94 115 116 117 118 119 120 141 142 143 144 123 124 125 124 123 144 143 142 141 140 139 118 117 116 115 114 135 134 133 132 131 152 151 150 129 108 107 86 65 44 43 22 1 0 



124. Najlepsza waga dla 1511701732, HBTIY dla paczek:
31 149 132 115 
to: (130) 
A najlepsza droga dla 1511701732, HBTIY to: 
1 22 43 44 45 46 47 48 49 28 29 30 31 52 73 94 115 114 113 112 133 132 131 152 151 150 149 148 127 126 105 84 63 64 43 22 1 0 



125. Najlepsza waga dla 1511701799, KCIIW dla paczek:
67 105 24 
to: (173) 
A najlepsza droga dla 1511701799, KCIIW to: 
1 22 43 44 45 66 45 46 47 48 49 28 29 8 9 10 31 32 33 34 35 36 57 78 79 80 81 82 103 104 103 82 81 80 79 78 57 36 35 34 33 32 31 10 9 8 7 6 5 4 3 24 23 22 1 0 



126. Najlepsza waga dla 1511701895, ZPJSB dla paczek:
160 40 101 28 
to: (167) 
A najlepsza droga dla 1511701895, ZPJSB to: 
1 22 43 44 45 46 47 48 49 70 71 72 73 94 115 116 137 138 159 138 139 118 97 98 99 100 79 58 37 38 39 38 37 36 35 34 33 32 31 10 9 8 29 28 27 26 25 46 45 44 43 22 1 0 



127. Najlepsza waga dla 1511702351, PRUFP dla paczek:
52 126 
to: (182) 
A najlepsza droga dla 1511702351, PRUFP to: 
1 22 43 44 45 46 47 48 49 50 51 52 73 94 115 116 117 118 139 140 141 142 143 144 123 124 125 124 123 144 143 142 141 140 139 118 117 116 115 94 73 72 71 70 49 48 47 46 45 44 43 22 1 0 



128. Najlepsza waga dla 1511702472, RCDUU dla paczek:
36 145 
to: (159) 
A najlepsza droga dla 1511702472, RCDUU to: 
1 2 3 4 5 6 7 8 9 10 31 32 33 34 35 56 77 98 99 100 121 142 143 144 143 142 141 140 139 118 117 116 115 94 73 72 71 70 49 48 47 46 45 44 43 22 1 0 



129. Najlepsza waga dla 1511703373, VBVCM dla paczek:
133 164 100 103 
to: (169) 
A najlepsza droga dla 1511703373, VBVCM to: 
1 22 43 44 45 46 47 48 49 70 91 112 133 132 133 112 113 114 115 116 117 118 139 140 141 162 163 164 143 144 123 102 101 100 99 98 97 118 117 116 115 94 73 72 71 70 49 48 47 46 45 44 43 22 1 0 



130. Najlepsza waga dla 1511703633, ZXZPH dla paczek:
117 69 154 166 
to: (179) 
A najlepsza droga dla 1511703633, ZXZPH to: 
1 22 43 44 45 46 47 48 49 70 71 72 73 94 115 116 117 118 139 140 141 162 163 164 165 164 163 162 141 140 139 118 117 116 115 114 113 112 133 154 153 132 111 110 89 68 67 66 45 44 43 22 1 0 



131. Najlepsza waga dla 1511703657, DJLJT dla paczek:
99 
to: (118) 
A najlepsza droga dla 1511703657, DJLJT to: 
1 22 43 44 45 46 47 48 49 70 71 72 73 94 115 116 117 118 97 98 97 118 117 116 115 94 73 72 71 70 49 48 47 46 45 44 43 22 1 0 



132. Najlepsza waga dla 1511705099, OCTTM dla paczek:
133 128 67 70 
to: (101) 
A najlepsza droga dla 1511705099, OCTTM to: 
1 22 43 64 63 84 105 126 127 128 129 130 131 132 111 90 69 68 67 66 45 44 43 22 1 0 



133. Najlepsza waga dla 1511705385, PRUFP dla paczek:
86 121 27 
to: (149) 
A najlepsza droga dla 1511705385, PRUFP to: 
1 22 43 64 85 64 65 66 45 46 47 48 49 70 71 72 73 94 115 116 117 118 139 140 141 120 141 140 139 118 117 116 115 94 73 72 71 70 49 48 47 26 25 46 45 44 43 22 1 0 



134. Najlepsza waga dla 1511706648, DAPJR dla paczek:
81 132 
to: (162) 
A najlepsza droga dla 1511706648, DAPJR to: 
1 2 3 4 5 6 7 8 9 10 31 32 33 34 35 36 57 78 79 80 101 100 99 98 97 118 117 116 115 114 113 112 133 132 131 132 133 112 91 70 49 48 47 46 45 44 43 22 1 0 



135. Najlepsza waga dla 1511706868, QGTKX dla paczek:
158 13 33 
to: (142) 
A najlepsza droga dla 1511706868, QGTKX to: 
1 22 43 44 45 46 47 48 49 70 91 112 133 134 135 156 157 136 115 94 73 52 31 32 33 12 33 32 31 10 9 8 7 6 5 4 3 2 1 0 



136. Najlepsza waga dla 1511707497, HJEVU dla paczek:
47 110 
to: (74) 
A najlepsza droga dla 1511707497, HJEVU to: 
1 22 43 44 45 46 45 66 67 88 109 88 67 66 45 44 43 22 1 0 



137. Najlepsza waga dla 1511707618, VBVCM dla paczek:
64 41 104 123 
to: (194) 
A najlepsza droga dla 1511707618, VBVCM to: 
1 22 43 64 63 64 65 66 45 46 47 48 49 70 71 72 73 94 115 116 117 118 97 98 99 100 101 122 101 80 81 82 103 82 83 62 61 40 39 38 37 36 35 34 33 32 31 10 9 8 7 6 5 4 3 2 1 0 



138. Najlepsza waga dla 1511708513, UBQWA dla paczek:
37 131 153 
to: (149) 
A najlepsza droga dla 1511708513, UBQWA to: 
1 2 3 4 5 6 7 8 9 10 31 32 33 34 35 36 35 34 33 32 31 52 73 94 93 92 91 112 133 132 131 152 151 130 109 88 67 66 45 44 43 22 1 0 



139. Najlepsza waga dla 1511709800, HFCQS dla paczek:
20 
to: (164) 
A najlepsza droga dla 1511709800, HFCQS to: 
1 2 3 4 5 6 7 8 9 10 31 32 33 34 35 14 15 16 17 18 19 18 17 16 15 14 35 34 33 32 31 10 9 8 7 6 5 4 3 2 1 0 



140. Najlepsza waga dla 1511710098, EKEZH dla paczek:
105 26 47 34 
to: (165) 
A najlepsza droga dla 1511710098, EKEZH to: 
1 2 3 4 5 6 7 8 9 10 31 32 33 34 35 36 57 78 79 80 81 82 103 104 103 82 81 80 79 78 57 36 35 34 33 32 31 10 9 8 29 28 49 48 47 46 25 46 45 44 43 22 1 0 



141. Najlepsza waga dla 1511710257, UDHAJ dla paczek:
81 
to: (148) 
A najlepsza droga dla 1511710257, UDHAJ to: 
1 2 3 4 5 6 7 8 9 10 31 32 33 34 35 36 57 78 79 80 79 78 57 36 35 34 33 32 31 10 9 8 7 6 5 4 3 2 1 0 



142. Najlepsza waga dla 1511711205, YZQEI dla paczek:
24 
to: (28) 
A najlepsza droga dla 1511711205, YZQEI to: 
1 22 23 22 1 0 



143. Najlepsza waga dla 1511712171, QHNEK dla paczek:
122 35 
to: (148) 
A najlepsza droga dla 1511712171, QHNEK to: 
1 22 43 44 45 46 47 48 49 70 71 72 73 94 115 116 117 118 139 140 141 120 121 100 99 98 77 56 35 34 33 32 31 10 9 8 7 6 5 4 3 2 1 0 



144. Najlepsza waga dla 1511712416, HHHWI dla paczek:
79 
to: (120) 
A najlepsza droga dla 1511712416, HHHWI to: 
1 2 3 4 5 6 7 8 9 10 31 32 33 34 35 36 57 78 57 36 35 34 33 32 31 10 9 8 7 6 5 4 3 2 1 0 



145. Najlepsza waga dla 1511712612, MUVXT dla paczek:
48 
to: (46) 
A najlepsza droga dla 1511712612, MUVXT to: 
1 22 43 44 45 46 47 46 45 44 43 22 1 0 



146. Najlepsza waga dla 1511713867, PRUFP dla paczek:
18 92 
to: (153) 
A najlepsza droga dla 1511713867, PRUFP to: 
1 2 3 4 5 6 7 8 9 10 31 32 33 34 35 14 15 16 17 16 15 14 35 34 33 32 31 52 73 94 93 92 91 70 49 48 47 46 45 44 43 22 1 0 



147. Najlepsza waga dla 1511713868, VZNKM dla paczek:
133 35 160 62 
to: (180) 
A najlepsza droga dla 1511713868, VZNKM to: 
1 22 43 44 45 46 47 48 49 70 91 112 133 132 133 112 113 114 115 116 137 138 159 138 139 118 97 98 99 100 101 80 81 60 61 60 39 38 37 36 35 34 33 32 31 10 9 8 7 6 5 4 3 2 1 0 



148. Najlepsza waga dla 1511714394, XUFXL dla paczek:
136 164 32 146 
to: (165) 
A najlepsza droga dla 1511714394, XUFXL to: 
1 22 43 44 45 46 47 48 49 70 91 112 133 134 135 114 115 116 117 118 139 140 141 162 163 164 143 144 145 144 143 142 141 140 139 118 117 116 115 94 73 52 31 10 9 8 7 6 5 4 3 2 1 0 



149. Najlepsza waga dla 1511714407, VLCUD dla paczek:
95 92 146 
to: (152) 
A najlepsza droga dla 1511714407, VLCUD to: 
1 22 43 44 45 46 47 48 49 70 71 72 73 94 115 116 117 118 139 140 141 142 143 144 145 144 143 142 141 140 139 118 117 116 115 94 93 92 91 70 49 48 47 46 45 44 43 22 1 0 



150. Najlepsza waga dla 1511715492, UBQWA dla paczek:
16 45 
to: (127) 
A najlepsza droga dla 1511715492, UBQWA to: 
1 2 3 4 5 6 7 8 9 10 31 32 33 34 35 14 15 14 35 34 33 32 31 10 9 8 29 28 49 48 47 46 45 44 43 22 1 0 



151. Najlepsza waga dla 1511715600, STVXL dla paczek:
56 
to: (110) 
A najlepsza droga dla 1511715600, STVXL to: 
1 22 43 44 45 46 47 48 49 70 71 72 73 74 75 76 55 76 75 74 73 72 71 70 49 48 47 46 45 44 43 22 1 0 



152. Najlepsza waga dla 1511716971, DTXTX dla paczek:
109 99 15 160 
to: (157) 
A najlepsza droga dla 1511716971, DTXTX to: 
1 22 43 44 65 86 107 108 109 110 111 112 113 114 115 116 137 138 159 138 139 118 97 98 77 56 35 14 35 34 33 32 31 10 9 8 7 6 5 4 3 2 1 0 



153. Najlepsza waga dla 1511717702, KJXWP dla paczek:
76 66 95 
to: (103) 
A najlepsza droga dla 1511717702, KJXWP to: 
1 22 43 44 45 46 47 48 49 70 71 72 73 74 75 74 73 94 73 72 71 70 49 48 47 46 45 66 65 44 43 22 1 0 



154. Najlepsza waga dla 1511718462, YFCRU dla paczek:
121 156 
to: (146) 
A najlepsza droga dla 1511718462, YFCRU to: 
1 22 43 44 45 46 47 48 49 70 71 72 73 94 115 116 117 118 139 140 141 120 141 140 139 118 117 116 115 114 135 134 155 154 133 112 91 70 49 48 47 46 45 44 43 22 1 0 



155. Najlepsza waga dla 1511718734, RCDUU dla paczek:
46 79 122 
to: (149) 
A najlepsza droga dla 1511718734, RCDUU to: 
1 22 43 44 45 46 47 48 49 70 71 72 73 94 115 116 117 118 139 140 141 120 121 100 99 78 57 36 35 34 33 32 31 10 9 8 7 6 5 4 3 2 1 0 



156. Najlepsza waga dla 1511719540, WVZMB dla paczek:
158 
to: (110) 
A najlepsza droga dla 1511719540, WVZMB to: 
1 22 43 44 45 46 47 48 49 70 91 112 133 134 135 156 157 156 135 134 133 112 91 70 49 48 47 46 45 44 43 22 1 0 



157. Najlepsza waga dla 1511720755, ZUHRI dla paczek:
97 130 
to: (124) 
A najlepsza droga dla 1511720755, ZUHRI to: 
1 22 43 44 45 46 47 48 49 70 71 72 73 94 95 96 117 116 115 114 113 112 133 132 131 130 129 108 107 86 65 44 43 22 1 0 



158. Najlepsza waga dla 1511721501, EKEZH dla paczek:
29 165 81 
to: (164) 
A najlepsza droga dla 1511721501, EKEZH to: 
1 22 43 44 45 46 47 48 49 28 29 8 9 10 31 32 33 34 35 36 57 78 79 80 101 122 143 164 163 162 141 140 139 118 117 116 115 94 73 72 71 70 49 48 47 46 45 44 43 22 1 0 



159. Najlepsza waga dla 1511722837, TPJHC dla paczek:
91 
to: (64) 
A najlepsza droga dla 1511722837, TPJHC to: 
1 22 43 44 45 46 47 48 69 90 69 48 47 46 45 44 43 22 1 0 



160. Najlepsza waga dla 1511724098, XAEXN dla paczek:
36 41 24 
to: (156) 
A najlepsza droga dla 1511724098, XAEXN to: 
1 2 3 4 5 6 7 8 9 10 31 32 33 34 35 36 37 38 39 40 39 38 37 36 35 34 33 32 31 10 9 8 7 6 5 4 3 24 23 22 1 0 



161. Najlepsza waga dla 1511725006, FZRFS dla paczek:
157 89 134 142 
to: (158) 
A najlepsza droga dla 1511725006, FZRFS to: 
1 22 43 44 45 66 67 88 109 130 131 132 133 134 135 156 135 114 115 116 117 118 139 140 141 140 139 118 117 116 115 94 73 72 71 70 49 48 47 46 45 44 43 22 1 0 



162. Najlepsza waga dla 1511725143, TIOZO dla paczek:
23 68 147 
to: (169) 
A najlepsza droga dla 1511725143, TIOZO to: 
1 22 43 44 45 66 67 68 47 48 49 70 71 72 73 94 115 116 117 118 139 140 141 142 143 144 145 146 145 144 143 142 141 140 139 118 117 116 115 94 73 72 71 70 49 48 47 46 45 44 43 22 1 0 



163. Najlepsza waga dla 1511726029, VBDNI dla paczek:
35 18 
to: (148) 
A najlepsza droga dla 1511726029, VBDNI to: 
1 2 3 4 5 6 7 8 9 10 31 32 33 34 35 14 15 16 17 16 15 14 35 34 33 32 31 10 9 8 7 6 5 4 3 2 1 0 



164. Najlepsza waga dla 1511726776, KBJAF dla paczek:
22 
to: (16) 
A najlepsza droga dla 1511726776, KBJAF to: 
21 0 



165. Najlepsza waga dla 1511727376, KLNCX dla paczek:
90 
to: (64) 
A najlepsza droga dla 1511727376, KLNCX to: 
1 22 43 44 45 66 67 68 89 68 67 66 45 44 43 22 1 0 



166. Najlepsza waga dla 1511728176, IJIFH dla paczek:
137 134 118 50 
to: (108) 
A najlepsza droga dla 1511728176, IJIFH to: 
1 22 43 44 45 46 47 48 49 70 91 112 133 134 135 136 115 116 117 116 115 94 73 72 71 70 49 48 47 46 45 44 43 22 1 0 



167. Najlepsza waga dla 1511728700, FARQP dla paczek:
91 123 89 
to: (172) 
A najlepsza droga dla 1511728700, FARQP to: 
1 22 43 44 45 46 47 48 49 70 71 72 73 94 115 116 117 118 97 98 99 100 101 122 101 100 99 98 97 118 117 116 115 94 93 92 91 90 111 110 109 88 67 66 45 44 43 22 1 0 



168. Najlepsza waga dla 1511729367, LWSSZ dla paczek:
78 
to: (118) 
A najlepsza droga dla 1511729367, LWSSZ to: 
1 2 3 4 5 6 7 8 9 10 31 32 33 34 35 56 77 56 35 34 33 32 31 10 9 8 7 6 5 4 3 2 1 0 



169. Najlepsza waga dla 1511730189, IDEWX dla paczek:
23 132 111 51 
to: (97) 
A najlepsza droga dla 1511730189, IDEWX to: 
1 22 43 44 45 66 67 68 89 110 131 132 133 112 91 70 49 50 49 48 47 46 45 44 43 22 1 0 



170. Najlepsza waga dla 1511730347, XNUPP dla paczek:
40 
to: (136) 
A najlepsza droga dla 1511730347, XNUPP to: 
1 2 3 4 5 6 7 8 9 10 31 32 33 34 35 36 37 38 39 38 37 36 35 34 33 32 31 10 9 8 7 6 5 4 3 2 1 0 



171. Najlepsza waga dla 1511731192, PKVIU dla paczek:
136 111 110 119 
to: (123) 
A najlepsza droga dla 1511731192, PKVIU to: 
1 22 43 44 45 66 67 88 109 110 111 112 133 134 135 114 115 116 117 118 117 116 115 94 73 72 71 70 49 48 47 46 45 44 43 22 1 0 



172. Najlepsza waga dla 1511732194, LGQZZ dla paczek:
52 28 34 
to: (108) 
A najlepsza droga dla 1511732194, LGQZZ to: 
1 22 43 44 45 46 47 48 49 50 51 52 31 32 33 32 31 10 9 8 29 28 27 26 25 46 45 44 43 22 1 0 



173. Najlepsza waga dla 1511732376, XNUPP dla paczek:
148 
to: (80) 
A najlepsza droga dla 1511732376, XNUPP to: 
1 22 43 64 63 84 105 126 147 126 105 84 63 64 43 22 1 0 



174. Najlepsza waga dla 1511733120, QYKJR dla paczek:
36 112 139 26 
to: (136) 
A najlepsza droga dla 1511733120, QYKJR to: 
1 2 3 4 5 6 7 8 9 10 31 32 33 34 35 34 33 32 31 52 73 94 115 116 137 138 137 116 115 114 113 112 111 90 69 48 47 46 25 46 45 44 43 22 1 0 



175. Najlepsza waga dla 1511733863, IEBZI dla paczek:
137 120 
to: (132) 
A najlepsza droga dla 1511733863, IEBZI to: 
1 22 43 44 45 46 47 48 49 70 91 112 133 134 135 136 115 116 117 118 119 118 117 116 115 94 73 72 71 70 49 48 47 46 45 44 43 22 1 0 



176. Najlepsza waga dla 1511734205, OAQQJ dla paczek:
134 124 104 98 
to: (172) 
A najlepsza droga dla 1511734205, OAQQJ to: 
1 22 43 44 45 46 47 48 49 70 91 112 133 112 113 114 115 116 117 118 139 140 141 142 143 144 123 124 103 82 81 80 101 100 99 98 97 118 117 116 115 94 73 72 71 70 49 48 47 46 45 44 43 22 1 0 



177. Najlepsza waga dla 1511735240, AEZQI dla paczek:
135 20 
to: (185) 
A najlepsza droga dla 1511735240, AEZQI to: 
1 22 43 44 45 46 47 48 49 70 91 112 133 134 135 114 115 94 73 52 31 32 33 34 35 14 15 16 17 18 19 18 17 16 15 14 35 34 33 32 31 10 9 8 7 6 5 4 3 2 1 0 



178. Najlepsza waga dla 1511735829, ITPXM dla paczek:
99 
to: (118) 
A najlepsza droga dla 1511735829, ITPXM to: 
1 22 43 44 45 46 47 48 49 70 71 72 73 94 115 116 117 118 97 98 97 118 117 116 115 94 73 72 71 70 49 48 47 46 45 44 43 22 1 0 



179. Najlepsza waga dla 1511736114, JESZR dla paczek:
163 23 48 28 
to: (134) 
A najlepsza droga dla 1511736114, JESZR to: 
1 22 43 44 45 46 47 48 49 70 71 72 73 94 115 116 117 118 139 140 141 162 141 140 139 118 117 116 115 94 73 72 71 70 49 28 27 28 49 48 47 46 45 44 43 22 1 0 



180. Najlepsza waga dla 1511737257, UUHDG dla paczek:
126 92 
to: (172) 
A najlepsza droga dla 1511737257, UUHDG to: 
1 22 43 44 45 46 47 48 49 70 71 72 73 94 115 116 117 118 139 140 141 142 143 144 123 124 125 124 123 144 143 142 141 140 139 118 117 116 115 94 93 92 91 70 49 48 47 46 45 44 43 22 1 0 



181. Najlepsza waga dla 1511738601, BDVWM dla paczek:
167 116 
to: (154) 
A najlepsza droga dla 1511738601, BDVWM to: 
1 22 43 44 45 46 47 48 49 70 71 72 73 94 115 116 117 118 139 140 141 142 143 144 145 166 145 144 143 142 141 140 139 118 117 116 115 94 73 72 71 70 49 48 47 46 45 44 43 22 1 0 



182. Najlepsza waga dla 1511739662, LWSSZ dla paczek:
158 63 
to: (189) 
A najlepsza droga dla 1511739662, LWSSZ to: 
1 22 43 44 45 46 47 48 49 70 91 112 133 134 135 156 157 136 115 116 117 118 97 98 99 100 101 80 81 82 83 62 61 60 39 38 37 36 35 34 33 32 31 10 9 8 7 6 5 4 3 2 1 0 



183. Najlepsza waga dla 1511741031, XUMBT dla paczek:
60 103 
to: (161) 
A najlepsza droga dla 1511741031, XUMBT to: 
1 2 3 4 5 6 7 8 9 10 31 32 33 34 35 36 57 58 59 80 81 102 101 100 99 98 97 118 117 116 115 94 73 72 71 70 49 48 47 46 45 44 43 22 1 0 



184. Najlepsza waga dla 1511741312, YBGWW dla paczek:
48 45 91 58 
to: (123) 
A najlepsza droga dla 1511741312, YBGWW to: 
1 22 43 44 45 46 47 48 69 90 91 92 93 94 73 52 31 32 33 34 35 36 57 36 35 34 33 32 31 10 9 8 7 6 5 4 3 2 1 0 



185. Najlepsza waga dla 1511741583, JESZR dla paczek:
56 99 
to: (124) 
A najlepsza droga dla 1511741583, JESZR to: 
1 22 43 44 45 46 47 48 49 70 71 72 73 74 75 76 55 76 97 98 97 118 117 116 115 94 73 72 71 70 49 48 47 46 45 44 43 22 1 0 



186. Najlepsza waga dla 1511743062, QYKJR dla paczek:
99 123 
to: (154) 
A najlepsza droga dla 1511743062, QYKJR to: 
1 22 43 44 45 46 47 48 49 70 71 72 73 94 115 116 117 118 97 98 99 100 101 122 101 100 99 98 97 118 117 116 115 94 73 72 71 70 49 48 47 46 45 44 43 22 1 0 



187. Najlepsza waga dla 1511744474, MHWIJ dla paczek:
20 168 
to: (203) 
A najlepsza droga dla 1511744474, MHWIJ to: 
1 2 3 4 5 6 7 8 9 10 31 32 33 34 35 14 15 16 17 18 19 20 41 62 83 82 103 124 145 166 167 166 145 144 143 142 141 140 139 118 117 116 115 94 73 72 71 70 49 48 47 46 45 44 43 22 1 0 



188. Najlepsza waga dla 1511744851, XAEXN dla paczek:
137 94 
to: (101) 
A najlepsza droga dla 1511744851, XAEXN to: 
1 22 43 44 45 46 47 48 49 70 91 112 133 134 135 136 135 114 93 92 91 70 49 48 47 46 45 44 43 22 1 0 



189. Najlepsza waga dla 1511746200, JSJQT dla paczek:
91 127 
to: (98) 
A najlepsza droga dla 1511746200, JSJQT to: 
1 22 43 44 45 46 47 48 69 90 111 110 109 130 129 128 127 126 105 84 63 64 43 22 1 0 



190. Najlepsza waga dla 1511747230, ZXZPH dla paczek:
120 66 
to: (123) 
A najlepsza droga dla 1511747230, ZXZPH to: 
1 22 43 44 45 46 47 48 49 70 71 72 73 94 115 116 117 118 119 118 117 116 115 94 73 72 71 70 49 48 47 46 45 66 65 44 43 22 1 0 



191. Najlepsza waga dla 1511747479, YFXGM dla paczek:
42 64 50 
to: (173) 
A najlepsza droga dla 1511747479, YFXGM to: 
1 2 3 4 5 6 7 8 9 10 31 32 33 34 35 36 37 38 39 40 41 40 39 38 37 36 35 34 33 32 31 10 9 8 29 28 49 48 47 46 45 66 65 64 63 64 43 22 1 0 



192. Najlepsza waga dla 1511748168, QRYDL dla paczek:
31 61 
to: (148) 
A najlepsza droga dla 1511748168, QRYDL to: 
1 22 43 44 45 46 47 48 49 28 29 30 31 32 33 34 35 36 37 38 39 60 39 38 37 36 35 34 33 32 31 10 9 8 7 6 5 4 3 2 1 0 



193. Najlepsza waga dla 1511748756, LOPDR dla paczek:
55 19 24 36 
to: (168) 
A najlepsza droga dla 1511748756, LOPDR to: 
1 2 3 4 5 6 7 8 9 10 31 32 33 34 35 14 15 16 17 18 17 16 15 14 35 34 33 54 75 74 73 72 71 70 49 48 47 46 25 24 23 22 1 0 



194. Najlepsza waga dla 1511749236, MWTUS dla paczek:
156 147 126 163 
to: (197) 
A najlepsza droga dla 1511749236, MWTUS to: 
1 22 43 44 45 46 47 48 49 70 91 112 133 154 155 134 135 114 115 116 117 118 139 140 141 142 143 144 145 146 125 124 123 144 143 164 163 162 141 140 139 118 117 116 115 94 73 72 71 70 49 48 47 46 45 44 43 22 1 0 



195. Najlepsza waga dla 1511750222, PXCFO dla paczek:
89 98 88 
to: (134) 
A najlepsza droga dla 1511750222, PXCFO to: 
1 22 43 44 45 46 47 48 49 70 71 72 73 94 115 116 117 118 97 118 117 116 115 114 113 112 111 110 109 88 87 66 45 44 43 22 1 0 



196. Najlepsza waga dla 1511751721, FHZVC dla paczek:
34 90 38 17 
to: (153) 
A najlepsza droga dla 1511751721, FHZVC to: 
1 2 3 4 5 6 7 8 9 10 31 32 33 34 35 36 37 16 15 14 35 34 33 32 31 52 73 94 93 92 91 90 89 68 67 66 45 44 43 22 1 0 



197. Najlepsza waga dla 1511751909, KLNCX dla paczek:
104 123 125 133 
to: (184) 
A najlepsza droga dla 1511751909, KLNCX to: 
1 2 3 4 5 6 7 8 9 10 31 32 33 34 35 36 57 78 79 80 81 82 103 124 123 122 101 100 99 98 97 118 117 116 115 114 113 112 133 132 133 112 91 70 49 48 47 46 45 44 43 22 1 0 



198. Najlepsza waga dla 1511753261, EGOHO dla paczek:
45 120 
to: (118) 
A najlepsza droga dla 1511753261, EGOHO to: 
1 22 43 44 45 46 47 48 49 70 71 72 73 94 115 116 117 118 119 118 117 116 115 94 73 72 71 70 49 48 47 46 45 44 43 22 1 0 



199. Najlepsza waga dla 1511754272, JONQF dla paczek:
114 
to: (78) 
A najlepsza droga dla 1511754272, JONQF to: 
1 22 43 44 45 46 47 48 49 70 91 112 113 112 91 70 49 48 47 46 45 44 43 22 1 0 



