402. Najlepsza waga dla 1511902405, IVLOL dla paczek:
50 138 127 
to: (120) 
A najlepsza droga dla 1511902405, IVLOL to: 
1 22 43 44 45 46 47 48 49 70 71 72 73 94 115 116 137 116 115 114 113 112 133 132 131 130 129 128 127 126 105 84 63 64 43 22 1 0 



403. Najlepsza waga dla 1511902812, ZFNPS dla paczek:
70 28 131 
to: (100) 
A najlepsza droga dla 1511902812, ZFNPS to: 
1 22 43 44 45 46 25 26 27 28 49 48 69 90 111 110 109 130 109 88 67 66 45 44 43 22 1 0 



404. Najlepsza waga dla 1511904127, IVLOL dla paczek:
19 90 
to: (166) 
A najlepsza droga dla 1511904127, IVLOL to: 
1 2 3 4 5 6 7 8 9 10 31 32 33 34 35 14 15 16 17 18 17 16 15 14 35 34 33 32 31 52 73 94 93 92 91 90 89 68 67 66 45 44 43 22 1 0 



405. Najlepsza waga dla 1511904453, XIVMV dla paczek:
101 
to: (128) 
A najlepsza droga dla 1511904453, XIVMV to: 
1 22 43 44 45 46 47 48 49 70 71 72 73 94 115 116 117 118 97 98 99 100 99 98 97 118 117 116 115 94 73 72 71 70 49 48 47 46 45 44 43 22 1 0 



406. Najlepsza waga dla 1511905675, YVXRN dla paczek:
47 62 
to: (151) 
A najlepsza droga dla 1511905675, YVXRN to: 
1 22 43 44 45 46 47 48 49 28 29 8 9 10 31 32 33 34 35 36 37 38 39 60 61 60 39 38 37 36 35 34 33 32 31 10 9 8 7 6 5 4 3 2 1 0 



407. Najlepsza waga dla 1511906967, XUFXL dla paczek:
40 125 48 146 
to: (171) 
A najlepsza droga dla 1511906967, XUFXL to: 
1 2 3 4 5 6 7 8 9 10 31 32 33 34 35 36 37 38 39 60 61 62 83 82 103 124 145 144 143 142 141 140 139 118 117 116 115 94 73 72 71 70 49 48 47 46 45 44 43 22 1 0 



408. Najlepsza waga dla 1511907652, YFCRU dla paczek:
144 129 129 
to: (167) 
A najlepsza droga dla 1511907652, YFCRU to: 
1 22 43 44 45 46 47 48 49 70 71 72 73 94 115 116 117 118 139 140 141 142 143 142 141 140 139 118 117 116 115 114 113 112 133 132 131 130 129 128 107 86 65 44 43 22 1 0 



409. Najlepsza waga dla 1511908889, JZNAS dla paczek:
40 157 134 57 
to: (174) 
A najlepsza droga dla 1511908889, JZNAS to: 
1 2 3 4 5 6 7 8 9 10 31 32 33 34 35 36 37 38 39 38 37 36 57 56 35 34 33 32 31 52 73 94 115 114 135 156 135 134 133 112 91 70 49 48 47 46 45 44 43 22 1 0 



410. Najlepsza waga dla 1511909523, MQPIZ dla paczek:
47 89 129 101 
to: (166) 
A najlepsza droga dla 1511909523, MQPIZ to: 
1 22 43 44 45 46 47 48 49 70 71 72 73 94 115 116 117 118 97 98 99 100 99 98 97 118 117 116 115 114 113 112 133 132 131 130 129 128 129 130 109 88 67 66 45 44 43 22 1 0 



411. Najlepsza waga dla 1511910525, DAPJR dla paczek:
35 
to: (100) 
A najlepsza droga dla 1511910525, DAPJR to: 
1 2 3 4 5 6 7 8 9 10 31 32 33 34 33 32 31 10 9 8 7 6 5 4 3 2 1 0 



412. Najlepsza waga dla 1511910565, LGXFM dla paczek:
145 78 
to: (159) 
A najlepsza droga dla 1511910565, LGXFM to: 
1 22 43 44 45 46 47 48 49 70 71 72 73 94 115 116 117 118 139 140 141 142 143 144 143 142 121 100 99 98 77 56 35 34 33 32 31 10 9 8 7 6 5 4 3 2 1 0 



413. Najlepsza waga dla 1511910802, KLNCX dla paczek:
149 148 92 
to: (113) 
A najlepsza droga dla 1511910802, KLNCX to: 
1 22 43 64 63 84 105 126 147 168 169 148 149 150 151 152 131 132 133 112 91 70 49 48 47 46 45 44 43 22 1 0 



414. Najlepsza waga dla 1511911818, GBKMO dla paczek:
142 
to: (122) 
A najlepsza droga dla 1511911818, GBKMO to: 
1 22 43 44 45 46 47 48 49 70 71 72 73 94 115 116 117 118 139 140 141 140 139 118 117 116 115 94 73 72 71 70 49 48 47 46 45 44 43 22 1 0 



415. Najlepsza waga dla 1511912386, JONGY dla paczek:
43 
to: (32) 
A najlepsza droga dla 1511912386, JONGY to: 
21 42 21 0 



416. Najlepsza waga dla 1511913516, LVNEF dla paczek:
58 18 70 
to: (157) 
A najlepsza droga dla 1511913516, LVNEF to: 
1 2 3 4 5 6 7 8 9 10 31 32 33 34 35 36 57 36 15 16 17 16 15 14 35 34 33 32 31 10 9 8 29 28 49 48 69 48 47 46 45 44 43 22 1 0 



417. Najlepsza waga dla 1511913588, HXYLZ dla paczek:
144 135 
to: (152) 
A najlepsza droga dla 1511913588, HXYLZ to: 
1 22 43 44 45 46 47 48 49 70 71 72 73 94 115 116 117 118 139 140 141 142 143 142 141 140 139 118 117 116 115 114 135 134 133 112 91 70 49 48 47 46 45 44 43 22 1 0 



418. Najlepsza waga dla 1511913990, PRUFP dla paczek:
71 79 
to: (123) 
A najlepsza droga dla 1511913990, PRUFP to: 
1 22 43 44 45 46 47 48 49 70 49 28 29 8 9 10 31 32 33 34 35 36 57 78 57 36 35 34 33 32 31 10 9 8 7 6 5 4 3 2 1 0 



419. Najlepsza waga dla 1511914076, WUVTI dla paczek:
104 
to: (158) 
A najlepsza droga dla 1511914076, WUVTI to: 
1 2 3 4 5 6 7 8 9 10 31 32 33 34 35 36 57 78 79 80 81 82 103 82 81 80 79 78 57 36 35 34 33 32 31 10 9 8 7 6 5 4 3 2 1 0 



420. Najlepsza waga dla 1511914767, QHNEK dla paczek:
33 
to: (88) 
A najlepsza droga dla 1511914767, QHNEK to: 
1 2 3 4 5 6 7 8 9 10 31 32 31 10 9 8 7 6 5 4 3 2 1 0 



421. Najlepsza waga dla 1511914980, VLCUD dla paczek:
116 112 
to: (97) 
A najlepsza droga dla 1511914980, VLCUD to: 
1 22 43 44 45 46 47 48 49 70 71 72 73 94 115 114 113 112 111 90 69 48 47 46 45 44 43 22 1 0 



422. Najlepsza waga dla 1511916151, ZUHRI dla paczek:
100 109 70 58 
to: (156) 
A najlepsza droga dla 1511916151, ZUHRI to: 
1 22 43 44 65 86 107 108 109 110 111 112 113 114 115 116 117 118 97 98 99 78 57 36 35 34 33 32 31 10 9 8 29 28 49 48 69 48 47 46 45 44 43 22 1 0 



423. Najlepsza waga dla 1511916335, JZNAS dla paczek:
34 69 73 
to: (104) 
A najlepsza droga dla 1511916335, JZNAS to: 
1 2 3 4 5 6 7 8 9 10 31 32 33 32 31 52 73 72 71 70 49 48 47 68 67 66 45 44 43 22 1 0 



424. Najlepsza waga dla 1511917350, KBJAF dla paczek:
35 
to: (100) 
A najlepsza droga dla 1511917350, KBJAF to: 
1 2 3 4 5 6 7 8 9 10 31 32 33 34 33 32 31 10 9 8 7 6 5 4 3 2 1 0 



425. Najlepsza waga dla 1511917868, UDHXE dla paczek:
75 133 
to: (106) 
A najlepsza droga dla 1511917868, UDHXE to: 
1 22 43 44 45 46 47 48 49 70 71 72 73 74 73 94 93 92 91 112 133 132 133 112 91 70 49 48 47 46 45 44 43 22 1 0 



426. Najlepsza waga dla 1511918121, JSJQT dla paczek:
67 50 29 115 
to: (88) 
A najlepsza droga dla 1511918121, JSJQT to: 
1 22 43 44 45 66 45 46 47 48 49 28 49 70 91 92 93 114 93 92 91 70 49 48 47 46 45 44 43 22 1 0 



427. Najlepsza waga dla 1511919308, KHYZH dla paczek:
32 156 
to: (115) 
A najlepsza droga dla 1511919308, KHYZH to: 
1 2 3 4 5 6 7 8 9 10 31 52 73 94 115 114 135 134 155 154 133 112 91 70 49 48 47 46 45 44 43 22 1 0 



428. Najlepsza waga dla 1511920162, TMFHP dla paczek:
152 
to: (88) 
A najlepsza droga dla 1511920162, TMFHP to: 
1 22 43 44 65 86 107 108 129 150 151 150 129 108 107 86 65 44 43 22 1 0 



429. Najlepsza waga dla 1511920804, DJLJT dla paczek:
103 160 78 124 
to: (165) 
A najlepsza droga dla 1511920804, DJLJT to: 
1 22 43 44 45 46 47 48 49 70 71 72 73 94 115 116 137 138 159 160 161 162 163 164 143 144 123 102 101 100 99 98 77 56 35 34 33 32 31 10 9 8 7 6 5 4 3 2 1 0 



431. Najlepsza waga dla 1511922197, PRUFP dla paczek:
104 108 55 
to: (190) 
A najlepsza droga dla 1511922197, PRUFP to: 
1 22 43 44 65 86 107 108 109 110 111 112 113 114 115 116 117 118 97 98 99 100 101 80 81 82 103 82 81 80 101 100 99 98 97 76 55 54 53 52 31 10 9 8 7 6 5 4 3 2 1 0 



432. Najlepsza waga dla 1511922281, HJEVU dla paczek:
99 146 146 
to: (159) 
A najlepsza droga dla 1511922281, HJEVU to: 
1 22 43 44 45 46 47 48 49 70 71 72 73 94 115 116 117 118 97 98 99 100 121 142 143 144 145 144 143 142 141 140 139 118 117 116 115 94 73 72 71 70 49 48 47 46 45 44 43 22 1 0 



433. Najlepsza waga dla 1511922663, XALHC dla paczek:
74 68 36 
to: (110) 
A najlepsza droga dla 1511922663, XALHC to: 
1 22 43 44 45 66 67 68 47 48 49 70 71 72 73 52 31 32 33 34 35 34 33 32 31 10 9 8 7 6 5 4 3 2 1 0 



434. Najlepsza waga dla 1511922796, VLCUD dla paczek:
124 114 
to: (156) 
A najlepsza droga dla 1511922796, VLCUD to: 
1 22 43 44 45 46 47 48 49 70 71 72 73 94 115 116 117 118 139 140 141 142 143 144 123 144 143 142 141 140 139 118 117 116 115 114 113 112 91 70 49 48 47 46 45 44 43 22 1 0 



435. Najlepsza waga dla 1511923322, GHSGJ dla paczek:
44 135 40 
to: (157) 
A najlepsza droga dla 1511923322, GHSGJ to: 
1 22 43 44 45 46 47 48 49 70 91 112 133 134 135 114 115 94 73 52 31 32 33 34 35 36 37 38 39 38 37 36 35 34 33 32 31 10 9 8 7 6 5 4 3 2 1 0 



436. Najlepsza waga dla 1511923555, MWTUS dla paczek:
102 103 112 
to: (159) 
A najlepsza droga dla 1511923555, MWTUS to: 
1 22 43 44 45 46 47 48 49 70 71 72 73 94 115 116 117 118 97 98 99 100 101 102 101 100 99 98 97 118 117 116 115 114 113 112 111 90 69 48 47 46 45 44 43 22 1 0 



437. Najlepsza waga dla 1511923623, HBTIY dla paczek:
135 125 72 
to: (170) 
A najlepsza droga dla 1511923623, HBTIY to: 
1 22 43 44 45 46 47 48 49 70 91 112 133 134 135 114 115 116 117 118 139 140 141 142 143 144 123 124 123 144 143 142 141 140 139 118 117 116 115 94 73 72 71 70 49 48 47 46 45 44 43 22 1 0 



438. Najlepsza waga dla 1511924275, PXCFO dla paczek:
80 26 
to: (133) 
A najlepsza droga dla 1511924275, PXCFO to: 
1 2 3 4 5 6 7 8 9 10 31 32 33 34 35 36 57 78 79 78 57 36 35 34 33 32 31 10 9 8 29 28 49 48 47 46 25 46 45 44 43 22 1 0 



439. Najlepsza waga dla 1511924695, ZXZPH dla paczek:
115 78 48 124 
to: (164) 
A najlepsza droga dla 1511924695, ZXZPH to: 
1 2 3 4 5 6 7 8 9 10 31 32 33 34 35 56 77 98 99 100 101 102 123 144 143 142 141 140 139 118 117 116 115 114 93 92 91 70 49 48 47 46 45 44 43 22 1 0 



440. Najlepsza waga dla 1511925674, LRULC dla paczek:
92 38 106 
to: (156) 
A najlepsza droga dla 1511925674, LRULC to: 
1 2 3 4 5 6 7 8 9 10 31 32 33 34 35 36 37 36 35 34 33 32 31 52 73 94 93 92 91 90 111 110 109 108 107 106 105 84 63 64 43 22 1 0 



441. Najlepsza waga dla 1511925812, ZBQTG dla paczek:
102 107 70 
to: (168) 
A najlepsza droga dla 1511925812, ZBQTG to: 
1 22 43 64 85 106 107 108 109 110 111 112 113 114 115 116 117 118 97 98 99 100 101 100 99 98 97 118 117 116 115 94 93 92 91 90 69 48 47 46 45 44 43 22 1 0 



442. Najlepsza waga dla 1511925850, LRULC dla paczek:
117 113 
to: (92) 
A najlepsza droga dla 1511925850, LRULC to: 
1 22 43 44 45 46 47 48 49 70 71 72 73 94 115 116 115 114 113 112 91 70 49 48 47 46 45 44 43 22 1 0 



443. Najlepsza waga dla 1511926723, ZXZPH dla paczek:
25 102 82 135 
to: (163) 
A najlepsza droga dla 1511926723, ZXZPH to: 
1 2 3 24 25 46 47 48 49 70 91 112 133 134 135 114 115 116 117 118 97 98 99 100 101 80 81 80 79 78 57 36 35 34 33 32 31 10 9 8 7 6 5 4 3 2 1 0 



444. Najlepsza waga dla 1511927105, PKVIU dla paczek:
15 
to: (108) 
A najlepsza droga dla 1511927105, PKVIU to: 
1 2 3 4 5 6 7 8 9 10 31 32 33 34 35 14 35 34 33 32 31 10 9 8 7 6 5 4 3 2 1 0 



445. Najlepsza waga dla 1511927896, QEPWP dla paczek:
128 71 80 
to: (166) 
A najlepsza droga dla 1511927896, QEPWP to: 
1 22 43 64 63 84 105 126 127 128 129 130 131 132 133 112 113 114 115 116 117 118 97 98 77 78 79 78 57 36 35 34 33 32 31 10 9 8 29 28 49 70 49 48 47 46 45 44 43 22 1 0 



446. Najlepsza waga dla 1511928818, QEPWP dla paczek:
35 146 144 20 
to: (187) 
A najlepsza droga dla 1511928818, QEPWP to: 
1 2 3 4 5 6 7 8 9 10 31 32 33 34 35 14 15 16 17 18 19 20 41 62 83 82 103 124 145 144 143 142 141 140 139 118 117 116 115 94 73 72 71 70 49 48 47 46 45 44 43 22 1 0 



447. Najlepsza waga dla 1511928938, KCIIW dla paczek:
95 48 115 143 
to: (139) 
A najlepsza droga dla 1511928938, KCIIW to: 
1 22 43 44 45 46 47 48 49 70 71 72 73 94 115 116 117 118 139 140 141 142 141 140 139 118 117 116 115 114 93 92 91 70 49 48 47 46 45 44 43 22 1 0 



448. Najlepsza waga dla 1511929295, UUHDG dla paczek:
75 
to: (86) 
A najlepsza droga dla 1511929295, UUHDG to: 
1 22 43 44 45 46 47 48 49 70 71 72 73 74 73 72 71 70 49 48 47 46 45 44 43 22 1 0 



449. Najlepsza waga dla 1511930484, QEVGR dla paczek:
49 49 49 
to: (48) 
A najlepsza droga dla 1511930484, QEVGR to: 
1 22 43 44 45 46 47 48 47 46 45 44 43 22 1 0 



450. Najlepsza waga dla 1511931957, DAPJR dla paczek:
29 167 
to: (158) 
A najlepsza droga dla 1511931957, DAPJR to: 
1 22 43 44 45 46 47 48 49 28 49 70 71 72 73 94 115 116 117 118 139 140 141 142 143 144 145 166 145 144 143 142 141 140 139 118 117 116 115 94 73 72 71 70 49 48 47 46 45 44 43 22 1 0 



451. Najlepsza waga dla 1511933389, QOFYZ dla paczek:
74 113 58 
to: (131) 
A najlepsza droga dla 1511933389, QOFYZ to: 
1 22 43 44 45 46 47 48 49 70 91 112 91 92 93 94 73 52 31 32 33 34 35 36 57 36 35 34 33 32 31 10 9 8 7 6 5 4 3 2 1 0 



452. Najlepsza waga dla 1511934682, NRSAD dla paczek:
91 92 
to: (64) 
A najlepsza droga dla 1511934682, NRSAD to: 
1 22 43 44 45 46 47 48 69 90 91 70 49 48 47 46 45 44 43 22 1 0 



453. Najlepsza waga dla 1511936143, MQPIZ dla paczek:
35 159 26 
to: (139) 
A najlepsza droga dla 1511936143, MQPIZ to: 
1 2 3 4 5 6 7 8 9 10 31 32 33 34 33 32 31 52 73 94 115 116 137 158 137 116 115 94 73 72 71 70 49 48 47 46 25 46 45 44 43 22 1 0 



454. Najlepsza waga dla 1511936567, UTIEH dla paczek:
55 79 107 51 
to: (163) 
A najlepsza droga dla 1511936567, UTIEH to: 
1 2 3 4 5 6 7 8 9 10 31 32 33 34 35 36 57 78 57 56 55 54 53 52 51 50 49 48 47 46 45 66 65 64 85 106 85 64 43 22 1 0 



455. Najlepsza waga dla 1511936601, FHZVC dla paczek:
46 101 62 
to: (161) 
A najlepsza droga dla 1511936601, FHZVC to: 
1 22 43 44 45 46 47 48 49 70 71 72 73 94 115 116 117 118 97 98 99 100 101 80 81 60 61 60 39 38 37 36 35 34 33 32 31 10 9 8 7 6 5 4 3 2 1 0 



456. Najlepsza waga dla 1511936909, QHNEK dla paczek:
64 43 21 
to: (182) 
A najlepsza droga dla 1511936909, QHNEK to: 
21 42 63 64 65 66 45 46 47 48 49 28 29 8 9 10 31 32 33 34 35 36 37 38 39 40 41 20 41 40 39 38 37 36 35 34 33 32 31 10 9 8 7 6 5 4 3 2 1 0 



457. Najlepsza waga dla 1511937717, IJIFH dla paczek:
150 102 123 158 
to: (205) 
A najlepsza droga dla 1511937717, IJIFH to: 
1 22 43 44 65 86 107 128 149 170 171 192 193 194 195 216 217 196 197 198 199 178 157 178 199 200 201 180 181 160 161 162 163 164 143 122 101 100 99 98 97 118 117 116 115 94 73 72 71 70 49 48 47 46 45 44 43 22 1 0 



458. Najlepsza waga dla 1511938350, HBTIY dla paczek:
148 
to: (80) 
A najlepsza droga dla 1511938350, HBTIY to: 
1 22 43 64 63 84 105 126 147 126 105 84 63 64 43 22 1 0 



459. Najlepsza waga dla 1511939587, VGBPD dla paczek:
46 158 143 
to: (164) 
A najlepsza droga dla 1511939587, VGBPD to: 
1 22 43 44 45 46 47 48 49 70 91 112 133 134 135 156 157 178 199 200 201 180 181 160 161 140 141 142 141 140 139 118 117 116 115 94 73 72 71 70 49 48 47 46 45 44 43 22 1 0 



460. Najlepsza waga dla 1511940829, YFCRU dla paczek:
159 
to: (112) 
A najlepsza droga dla 1511940829, YFCRU to: 
1 22 43 44 45 46 47 48 49 70 71 72 73 94 115 116 137 158 137 116 115 94 73 72 71 70 49 48 47 46 45 44 43 22 1 0 



461. Najlepsza waga dla 1511941410, BEOOF dla paczek:
68 
to: (46) 
A najlepsza droga dla 1511941410, BEOOF to: 
1 22 43 44 45 66 67 66 45 44 43 22 1 0 



462. Najlepsza waga dla 1511942264, POPTF dla paczek:
60 49 40 94 
to: (156) 
A najlepsza droga dla 1511942264, POPTF to: 
1 2 3 4 5 6 7 8 9 10 31 32 33 34 35 36 57 58 59 60 39 38 37 36 35 34 33 32 31 52 73 94 93 92 91 70 49 48 47 46 45 44 43 22 1 0 



463. Najlepsza waga dla 1511943699, KLOJK dla paczek:
51 
to: (62) 
A najlepsza droga dla 1511943699, KLOJK to: 
1 22 43 44 45 46 47 48 49 50 49 48 47 46 45 44 43 22 1 0 



464. Najlepsza waga dla 1511944292, EKEZH dla paczek:
79 
to: (120) 
A najlepsza droga dla 1511944292, EKEZH to: 
1 2 3 4 5 6 7 8 9 10 31 32 33 34 35 36 57 78 57 36 35 34 33 32 31 10 9 8 7 6 5 4 3 2 1 0 



465. Najlepsza waga dla 1511944324, PRUFP dla paczek:
163 15 134 
to: (147) 
A najlepsza droga dla 1511944324, PRUFP to: 
1 2 3 4 5 6 7 8 9 10 31 32 33 34 35 14 35 56 77 98 99 120 141 162 141 140 139 118 117 116 115 114 113 112 133 112 91 70 49 48 47 46 45 44 43 22 1 0 



466. Najlepsza waga dla 1511944483, YCNVE dla paczek:
119 35 54 
to: (130) 
A najlepsza droga dla 1511944483, YCNVE to: 
1 22 43 44 45 46 47 48 49 70 71 72 73 94 115 116 117 118 97 98 77 56 35 34 33 32 53 52 31 10 9 8 7 6 5 4 3 2 1 0 



467. Najlepsza waga dla 1511944739, RCDUU dla paczek:
158 
to: (110) 
A najlepsza droga dla 1511944739, RCDUU to: 
1 22 43 44 45 46 47 48 49 70 91 112 133 134 135 156 157 156 135 134 133 112 91 70 49 48 47 46 45 44 43 22 1 0 



468. Najlepsza waga dla 1511945343, AEZQI dla paczek:
107 96 105 
to: (188) 
A najlepsza droga dla 1511945343, AEZQI to: 
1 22 43 64 85 106 107 108 109 110 111 90 91 92 93 94 95 96 97 98 99 100 101 80 81 82 103 104 103 82 81 80 79 78 57 36 35 34 33 32 31 10 9 8 7 6 5 4 3 2 1 0 



469. Najlepsza waga dla 1511946760, JDCDX dla paczek:
69 20 150 
to: (215) 
A najlepsza droga dla 1511946760, JDCDX to: 
1 22 43 44 45 66 67 68 47 48 49 28 29 8 9 10 31 32 33 34 35 14 15 16 17 18 19 18 17 16 15 14 35 34 33 32 31 52 73 94 93 92 91 112 133 132 131 152 151 150 149 128 107 86 65 44 43 22 1 0 



470. Najlepsza waga dla 1511946913, AMLTU dla paczek:
14 78 
to: (122) 
A najlepsza droga dla 1511946913, AMLTU to: 
1 2 3 4 5 6 7 8 9 10 31 32 33 34 13 34 35 56 77 56 35 34 33 32 31 10 9 8 7 6 5 4 3 2 1 0 



471. Najlepsza waga dla 1511947317, QRYDL dla paczek:
72 117 83 
to: (158) 
A najlepsza droga dla 1511947317, QRYDL to: 
1 22 43 44 45 46 47 48 49 70 71 72 73 94 115 116 117 118 97 98 99 100 101 80 81 82 81 80 79 78 57 36 35 34 33 32 31 10 9 8 7 6 5 4 3 2 1 0 



472. Najlepsza waga dla 1511947911, PXCFO dla paczek:
148 123 135 66 
to: (201) 
A najlepsza droga dla 1511947911, PXCFO to: 
1 22 43 44 45 46 47 48 49 70 71 72 73 94 115 116 117 118 97 98 99 100 101 122 101 100 99 98 97 118 117 116 115 114 135 134 133 132 131 130 129 128 127 126 147 126 105 84 63 64 65 44 43 22 1 0 



473. Najlepsza waga dla 1511948778, XUFXL dla paczek:
48 168 
to: (168) 
A najlepsza droga dla 1511948778, XUFXL to: 
1 22 43 44 45 46 47 48 49 70 71 72 73 94 115 116 117 118 139 140 141 142 143 144 145 166 167 166 145 144 143 142 141 140 139 118 117 116 115 94 73 72 71 70 49 48 47 46 45 44 43 22 1 0 



474. Najlepsza waga dla 1511950040, PRUFP dla paczek:
73 57 138 22 
to: (127) 
A najlepsza droga dla 1511950040, PRUFP to: 
1 2 3 4 5 6 7 8 9 10 31 32 33 34 35 56 77 98 97 118 117 116 137 116 115 94 73 72 71 70 49 48 47 46 45 44 43 22 21 0 



475. Najlepsza waga dla 1511951142, SUAXE dla paczek:
107 117 157 
to: (131) 
A najlepsza droga dla 1511951142, SUAXE to: 
1 22 43 64 85 106 107 108 109 130 131 132 133 134 135 156 135 114 115 116 115 94 73 72 71 70 49 48 47 46 45 44 43 22 1 0 



476. Najlepsza waga dla 1511951301, TPJHC dla paczek:
146 
to: (152) 
A najlepsza droga dla 1511951301, TPJHC to: 
1 22 43 44 45 46 47 48 49 70 71 72 73 94 115 116 117 118 139 140 141 142 143 144 145 144 143 142 141 140 139 118 117 116 115 94 73 72 71 70 49 48 47 46 45 44 43 22 1 0 



477. Najlepsza waga dla 1511951571, QYBSN dla paczek:
41 114 35 
to: (165) 
A najlepsza droga dla 1511951571, QYBSN to: 
1 2 3 4 5 6 7 8 9 10 31 32 33 34 35 36 37 38 39 40 39 38 37 36 35 34 33 32 31 52 73 94 115 114 113 112 91 70 49 48 47 46 45 44 43 22 1 0 



478. Najlepsza waga dla 1511952993, ADKVV dla paczek:
124 121 67 22 
to: (161) 
A najlepsza droga dla 1511952993, ADKVV to: 
1 22 43 44 45 46 47 48 49 70 71 72 73 94 115 116 117 118 139 140 141 142 143 144 123 144 143 142 141 120 141 140 139 118 117 116 115 94 73 72 71 70 49 48 47 46 45 66 45 44 43 22 21 0 



479. Najlepsza waga dla 1511953023, TAERF dla paczek:
30 
to: (58) 
A najlepsza droga dla 1511953023, TAERF to: 
1 22 43 44 45 46 47 48 49 28 29 28 49 48 47 46 45 44 43 22 1 0 



480. Najlepsza waga dla 1511953080, DAPJR dla paczek:
124 104 138 
to: (168) 
A najlepsza droga dla 1511953080, DAPJR to: 
1 2 3 4 5 6 7 8 9 10 31 32 33 34 35 36 57 78 79 80 81 82 103 124 123 144 143 164 163 162 161 160 159 138 137 116 115 94 73 72 71 70 49 48 47 46 45 44 43 22 1 0 



481. Najlepsza waga dla 1511953475, AMLTU dla paczek:
94 164 58 
to: (146) 
A najlepsza droga dla 1511953475, AMLTU to: 
1 22 43 44 45 46 47 48 49 70 91 92 93 94 115 116 117 118 139 140 141 162 163 162 141 120 99 78 57 36 35 34 33 32 31 10 9 8 7 6 5 4 3 2 1 0 



482. Najlepsza waga dla 1511954166, TAERF dla paczek:
85 
to: (42) 
A najlepsza droga dla 1511954166, TAERF to: 
1 22 43 64 63 84 63 64 43 22 1 0 



483. Najlepsza waga dla 1511955388, XVSFV dla paczek:
35 20 
to: (164) 
A najlepsza droga dla 1511955388, XVSFV to: 
1 2 3 4 5 6 7 8 9 10 31 32 33 34 35 14 15 16 17 18 19 18 17 16 15 14 35 34 33 32 31 10 9 8 7 6 5 4 3 2 1 0 



484. Najlepsza waga dla 1511956552, PXCFO dla paczek:
142 33 
to: (133) 
A najlepsza droga dla 1511956552, PXCFO to: 
1 22 43 44 45 46 47 48 49 70 71 72 73 94 115 116 117 118 139 140 141 120 99 98 77 56 35 34 33 32 31 10 9 8 7 6 5 4 3 2 1 0 



485. Najlepsza waga dla 1511957833, WUVTI dla paczek:
79 26 73 166 
to: (164) 
A najlepsza droga dla 1511957833, WUVTI to: 
1 2 3 4 5 6 7 8 9 10 31 32 33 34 35 36 57 78 99 120 141 162 163 164 165 164 163 162 141 140 139 118 117 116 115 94 73 72 71 70 49 48 47 46 25 46 45 44 43 22 1 0 



486. Najlepsza waga dla 1511957908, VLCUD dla paczek:
13 
to: (102) 
A najlepsza droga dla 1511957908, VLCUD to: 
1 2 3 4 5 6 7 8 9 10 11 12 11 10 9 8 7 6 5 4 3 2 1 0 



487. Najlepsza waga dla 1511958911, ZYBAD dla paczek:
164 106 33 
to: (167) 
A najlepsza droga dla 1511958911, ZYBAD to: 
1 22 43 64 63 84 105 106 107 108 109 110 111 112 113 114 115 116 117 118 139 140 141 162 163 162 141 120 99 98 77 56 35 34 33 32 31 10 9 8 7 6 5 4 3 2 1 0 



488. Najlepsza waga dla 1511960216, JZNAS dla paczek:
112 80 72 157 
to: (169) 
A najlepsza droga dla 1511960216, JZNAS to: 
1 22 43 44 45 46 47 48 69 90 111 112 133 134 135 156 135 114 115 116 117 118 97 98 77 78 79 78 57 36 35 34 33 32 31 52 73 72 71 70 49 48 47 46 45 44 43 22 1 0 



489. Najlepsza waga dla 1511961656, CNERU dla paczek:
15 25 102 
to: (157) 
A najlepsza droga dla 1511961656, CNERU to: 
1 2 3 4 5 6 7 8 9 10 31 32 33 34 35 14 35 56 77 98 99 100 101 100 99 98 97 118 117 116 115 94 73 72 71 70 49 48 47 46 25 24 3 2 1 0 



490. Najlepsza waga dla 1511962814, ZYBAD dla paczek:
112 127 70 36 
to: (150) 
A najlepsza droga dla 1511962814, ZYBAD to: 
1 22 43 64 63 84 105 126 127 128 129 130 109 110 111 90 91 92 93 94 73 52 31 32 33 34 35 34 33 32 31 10 9 8 29 28 49 48 69 48 47 46 45 44 43 22 1 0 



491. Najlepsza waga dla 1511962869, BZFXR dla paczek:
26 94 36 
to: (109) 
A najlepsza droga dla 1511962869, BZFXR to: 
1 22 43 44 45 46 25 46 47 48 49 70 91 92 93 94 73 52 31 32 33 34 35 34 33 32 31 10 9 8 7 6 5 4 3 2 1 0 



492. Najlepsza waga dla 1511962982, PUCOQ dla paczek:
114 
to: (78) 
A najlepsza droga dla 1511962982, PUCOQ to: 
1 22 43 44 45 46 47 48 49 70 91 112 113 112 91 70 49 48 47 46 45 44 43 22 1 0 



493. Najlepsza waga dla 1511963214, TMFHP dla paczek:
42 90 105 91 
to: (190) 
A najlepsza droga dla 1511963214, TMFHP to: 
1 2 3 4 5 6 7 8 9 10 31 32 33 34 35 36 37 38 39 40 41 62 83 82 103 104 103 82 81 80 101 100 99 98 97 118 117 116 115 94 93 92 91 90 89 68 67 66 45 44 43 22 1 0 



494. Najlepsza waga dla 1511964097, ZXZPH dla paczek:
146 
to: (152) 
A najlepsza droga dla 1511964097, ZXZPH to: 
1 22 43 44 45 46 47 48 49 70 71 72 73 94 115 116 117 118 139 140 141 142 143 144 145 144 143 142 141 140 139 118 117 116 115 94 73 72 71 70 49 48 47 46 45 44 43 22 1 0 



495. Najlepsza waga dla 1511965537, ZBQTG dla paczek:
125 
to: (162) 
A najlepsza droga dla 1511965537, ZBQTG to: 
1 22 43 44 45 46 47 48 49 70 71 72 73 94 115 116 117 118 139 140 141 142 143 144 123 124 123 144 143 142 141 140 139 118 117 116 115 94 73 72 71 70 49 48 47 46 45 44 43 22 1 0 



496. Najlepsza waga dla 1511966347, JIJSE dla paczek:
165 43 76 
to: (159) 
A najlepsza droga dla 1511966347, JIJSE to: 
1 22 43 44 45 46 47 48 49 70 71 72 73 94 115 116 117 118 139 140 141 162 163 164 163 162 141 120 99 98 97 76 75 74 73 72 71 70 49 48 47 46 45 44 43 42 21 0 



497. Najlepsza waga dla 1511967271, CIWOU dla paczek:
129 49 122 
to: (165) 
A najlepsza droga dla 1511967271, CIWOU to: 
1 22 43 44 65 86 107 128 129 130 131 132 133 112 113 114 115 116 117 118 139 140 141 120 121 120 141 140 139 118 117 116 115 94 73 72 71 70 49 48 47 46 45 44 43 22 1 0 



498. Najlepsza waga dla 1511967303, ZYBAD dla paczek:
35 67 26 
to: (107) 
A najlepsza droga dla 1511967303, ZYBAD to: 
1 2 3 4 5 6 7 8 9 10 31 32 33 34 33 32 31 10 9 8 29 28 49 48 47 46 25 46 45 66 45 44 43 22 1 0 



499. Najlepsza waga dla 1511968466, ZYBAD dla paczek:
50 
to: (50) 
A najlepsza droga dla 1511968466, ZYBAD to: 
1 22 43 44 45 46 47 48 49 48 47 46 45 44 43 22 1 0 



500. Najlepsza waga dla 1511969447, EGOHO dla paczek:
129 150 30 32 
to: (126) 
A najlepsza droga dla 1511969447, EGOHO to: 
1 22 43 44 65 86 107 128 149 150 151 152 131 132 133 112 91 92 93 94 73 52 31 10 9 8 29 28 49 48 47 46 45 44 43 22 1 0 



501. Najlepsza waga dla 1511969672, BZFXR dla paczek:
141 166 147 107 
to: (191) 
A najlepsza droga dla 1511969672, BZFXR to: 
1 22 43 44 45 46 47 48 49 70 71 72 73 94 115 116 117 118 139 140 141 162 163 164 165 166 145 146 145 144 143 142 141 140 139 118 117 116 115 114 113 112 111 110 109 108 107 106 85 64 43 22 1 0 



502. Najlepsza waga dla 1511970043, HHHWI dla paczek:
157 136 80 
to: (159) 
A najlepsza droga dla 1511970043, HHHWI to: 
1 22 43 44 45 46 47 48 49 70 91 112 133 134 135 156 135 114 115 116 117 118 97 98 77 78 79 78 57 36 35 34 33 32 31 10 9 8 7 6 5 4 3 2 1 0 



