302. Najlepsza waga dla 1511827693, QHNEK dla paczek:
130 
to: (70) 
A najlepsza droga dla 1511827693, QHNEK to: 
1 22 43 44 65 86 107 108 129 108 107 86 65 44 43 22 1 0 



303. Najlepsza waga dla 1511828148, CBJLY dla paczek:
109 145 128 
to: (183) 
A najlepsza droga dla 1511828148, CBJLY to: 
1 22 43 44 65 86 107 108 107 128 127 128 129 130 131 132 133 112 113 114 115 116 117 118 139 140 141 142 143 144 143 142 141 140 139 118 117 116 115 94 73 72 71 70 49 48 47 46 45 44 43 22 1 0 



304. Najlepsza waga dla 1511829580, FVQCJ dla paczek:
127 157 119 
to: (144) 
A najlepsza droga dla 1511829580, FVQCJ to: 
1 22 43 64 63 84 105 126 127 128 129 130 131 132 133 134 135 156 135 114 115 116 117 118 117 116 115 94 73 72 71 70 49 48 47 46 45 44 43 22 1 0 



305. Najlepsza waga dla 1511829673, RYVQB dla paczek:
143 30 65 18 
to: (191) 
A najlepsza droga dla 1511829673, RYVQB to: 
1 22 43 44 45 46 47 48 49 70 71 72 73 94 115 116 117 118 139 140 141 142 121 100 79 58 37 38 17 16 15 14 35 34 33 32 31 10 9 8 29 28 49 48 47 46 45 66 65 64 43 22 1 0 



306. Najlepsza waga dla 1511829765, JDCDX dla paczek:
86 57 
to: (131) 
A najlepsza droga dla 1511829765, JDCDX to: 
1 22 43 64 85 64 65 66 45 46 47 48 49 28 29 8 9 10 31 32 33 34 35 56 35 34 33 32 31 10 9 8 7 6 5 4 3 2 1 0 



307. Najlepsza waga dla 1511830737, POPTF dla paczek:
44 
to: (22) 
A najlepsza droga dla 1511830737, POPTF to: 
1 22 43 22 1 0 



308. Najlepsza waga dla 1511832176, RCSOO dla paczek:
23 133 143 
to: (148) 
A najlepsza droga dla 1511832176, RCSOO to: 
1 22 43 44 45 46 47 48 49 70 91 112 133 132 133 112 113 114 115 116 117 118 139 140 141 142 141 140 139 118 117 116 115 94 73 72 71 70 49 48 47 46 45 44 43 22 1 0 



309. Najlepsza waga dla 1511832489, CFJNU dla paczek:
104 
to: (158) 
A najlepsza droga dla 1511832489, CFJNU to: 
1 2 3 4 5 6 7 8 9 10 31 32 33 34 35 36 57 78 79 80 81 82 103 82 81 80 79 78 57 36 35 34 33 32 31 10 9 8 7 6 5 4 3 2 1 0 



310. Najlepsza waga dla 1511832578, OAQQJ dla paczek:
153 153 
to: (90) 
A najlepsza droga dla 1511832578, OAQQJ to: 
1 22 43 44 65 86 107 108 129 150 151 152 151 150 129 108 107 86 65 44 43 22 1 0 



311. Najlepsza waga dla 1511833212, ZCIVT dla paczek:
136 50 155 
to: (94) 
A najlepsza droga dla 1511833212, ZCIVT to: 
1 22 43 44 45 46 47 48 49 70 91 112 133 134 135 134 133 154 133 112 91 70 49 48 47 46 45 44 43 22 1 0 



312. Najlepsza waga dla 1511833596, ODGDG dla paczek:
27 147 
to: (167) 
A najlepsza droga dla 1511833596, ODGDG to: 
1 22 43 44 45 46 25 26 47 48 49 70 71 72 73 94 115 116 117 118 139 140 141 142 143 144 145 146 145 144 143 142 141 140 139 118 117 116 115 94 73 72 71 70 49 48 47 46 45 44 43 22 1 0 



313. Najlepsza waga dla 1511833678, HHHWI dla paczek:
167 107 71 
to: (176) 
A najlepsza droga dla 1511833678, HHHWI to: 
1 22 43 64 85 106 107 108 109 110 111 112 113 114 115 116 117 118 139 140 141 142 143 144 145 166 145 144 143 142 141 140 139 118 117 116 115 94 73 72 71 70 49 48 47 46 45 44 43 22 1 0 



314. Najlepsza waga dla 1511834878, HYKKU dla paczek:
118 150 125 132 
to: (194) 
A najlepsza droga dla 1511834878, HYKKU to: 
1 22 43 44 45 46 47 48 49 70 71 72 73 94 115 116 117 118 139 140 141 142 143 144 123 124 123 144 143 142 141 140 139 118 117 116 115 114 113 112 133 132 131 152 151 150 149 128 107 86 65 44 43 22 1 0 



315. Najlepsza waga dla 1511836148, QEUNT dla paczek:
77 26 
to: (108) 
A najlepsza droga dla 1511836148, QEUNT to: 
1 22 43 44 45 46 47 48 49 70 71 72 73 74 75 76 75 74 73 72 71 70 49 48 47 46 25 46 45 44 43 22 1 0 



316. Najlepsza waga dla 1511837292, CIWOU dla paczek:
145 127 
to: (174) 
A najlepsza droga dla 1511837292, CIWOU to: 
1 22 43 44 45 46 47 48 49 70 71 72 73 94 115 116 117 118 139 140 141 142 143 144 143 142 141 140 139 118 117 116 115 114 113 112 133 132 131 130 129 128 127 126 105 84 63 64 43 22 1 0 



317. Najlepsza waga dla 1511838302, VXUFJ dla paczek:
86 37 91 93 
to: (142) 
A najlepsza droga dla 1511838302, VXUFJ to: 
1 22 43 64 85 64 65 66 67 68 69 90 91 92 93 94 73 52 31 32 33 34 35 36 35 34 33 32 31 10 9 8 7 6 5 4 3 2 1 0 



318. Najlepsza waga dla 1511839487, DGECF dla paczek:
15 152 68 
to: (143) 
A najlepsza droga dla 1511839487, DGECF to: 
1 2 3 4 5 6 7 8 9 10 31 32 33 34 35 14 35 34 33 32 31 52 73 94 93 92 91 112 133 132 131 152 151 130 109 88 67 66 45 44 43 22 1 0 



319. Najlepsza waga dla 1511839996, ZIRCI dla paczek:
92 
to: (62) 
A najlepsza droga dla 1511839996, ZIRCI to: 
1 22 43 44 45 46 47 48 49 70 91 70 49 48 47 46 45 44 43 22 1 0 



320. Najlepsza waga dla 1511840874, AMLTU dla paczek:
50 135 111 
to: (93) 
A najlepsza droga dla 1511840874, AMLTU to: 
1 22 43 44 45 46 47 48 49 70 91 112 133 134 133 112 111 110 89 68 67 66 45 44 43 22 1 0 



321. Najlepsza waga dla 1511841526, NQJFX dla paczek:
158 
to: (110) 
A najlepsza droga dla 1511841526, NQJFX to: 
1 22 43 44 45 46 47 48 49 70 91 112 133 134 135 156 157 156 135 134 133 112 91 70 49 48 47 46 45 44 43 22 1 0 



322. Najlepsza waga dla 1511842868, PJZZQ dla paczek:
100 33 156 36 
to: (150) 
A najlepsza droga dla 1511842868, PJZZQ to: 
1 2 3 4 5 6 7 8 9 10 31 32 33 34 35 56 77 98 99 98 97 118 117 116 115 114 135 134 155 154 133 112 91 70 49 48 47 46 45 44 43 22 1 0 



323. Najlepsza waga dla 1511843719, ORDLP dla paczek:
70 
to: (54) 
A najlepsza droga dla 1511843719, ORDLP to: 
1 22 43 44 45 46 47 48 69 48 47 46 45 44 43 22 1 0 



324. Najlepsza waga dla 1511844976, UBQWA dla paczek:
149 88 136 99 
to: (174) 
A najlepsza droga dla 1511844976, UBQWA to: 
1 22 43 44 45 66 87 108 107 128 127 148 149 150 151 152 131 132 133 134 135 114 115 116 117 118 97 98 97 118 117 116 115 94 73 72 71 70 49 48 47 46 45 44 43 22 1 0 



325. Najlepsza waga dla 1511845713, MHWIJ dla paczek:
145 
to: (148) 
A najlepsza droga dla 1511845713, MHWIJ to: 
1 22 43 44 45 46 47 48 49 70 71 72 73 94 115 116 117 118 139 140 141 142 143 144 143 142 141 140 139 118 117 116 115 94 73 72 71 70 49 48 47 46 45 44 43 22 1 0 



326. Najlepsza waga dla 1511846970, XALHC dla paczek:
110 
to: (70) 
A najlepsza droga dla 1511846970, XALHC to: 
1 22 43 44 45 66 67 88 109 88 67 66 45 44 43 22 1 0 



327. Najlepsza waga dla 1511848097, XIVMV dla paczek:
22 88 26 112 
to: (84) 
A najlepsza droga dla 1511848097, XIVMV to: 
21 22 43 44 45 66 87 88 109 110 111 90 69 48 47 46 25 46 45 44 43 22 1 0 



328. Najlepsza waga dla 1511848460, UDHAJ dla paczek:
78 156 108 65 
to: (160) 
A najlepsza droga dla 1511848460, UDHAJ to: 
1 2 3 4 5 6 7 8 9 10 31 32 33 34 35 56 77 98 97 118 117 116 115 114 135 134 155 154 153 152 151 150 129 108 107 106 85 64 43 22 1 0 



329. Najlepsza waga dla 1511849108, UEPZT dla paczek:
124 78 157 86 
to: (204) 
A najlepsza droga dla 1511849108, UEPZT to: 
1 2 3 4 5 6 7 8 9 10 31 32 33 34 35 56 77 98 99 100 101 102 123 144 143 142 141 140 139 118 117 116 115 114 135 156 135 134 133 132 131 130 109 108 107 106 85 64 43 22 1 0 



330. Najlepsza waga dla 1511849913, PVGYH dla paczek:
47 
to: (42) 
A najlepsza droga dla 1511849913, PVGYH to: 
1 22 43 44 45 46 45 44 43 22 1 0 



331. Najlepsza waga dla 1511849919, LRULC dla paczek:
41 70 95 
to: (157) 
A najlepsza droga dla 1511849919, LRULC to: 
1 2 3 4 5 6 7 8 9 10 31 32 33 34 35 36 37 38 39 40 39 38 37 36 35 34 33 32 31 52 73 94 93 92 91 90 69 48 47 46 45 44 43 22 1 0 



332. Najlepsza waga dla 1511850480, JESZR dla paczek:
110 
to: (70) 
A najlepsza droga dla 1511850480, JESZR to: 
1 22 43 44 45 66 67 88 109 88 67 66 45 44 43 22 1 0 



333. Najlepsza waga dla 1511850889, YZQEI dla paczek:
32 101 38 44 
to: (145) 
A najlepsza droga dla 1511850889, YZQEI to: 
1 2 3 4 5 6 7 8 9 10 31 32 33 34 35 36 37 58 79 100 99 98 97 118 117 116 115 94 73 72 71 70 49 48 47 46 45 44 43 22 1 0 



334. Najlepsza waga dla 1511851331, LGXFM dla paczek:
129 144 90 
to: (178) 
A najlepsza droga dla 1511851331, LGXFM to: 
1 22 43 44 65 86 107 128 129 130 131 132 133 112 113 114 115 116 117 118 139 140 141 142 143 142 141 140 139 118 117 116 115 94 93 92 91 90 89 68 67 66 45 44 43 22 1 0 



335. Najlepsza waga dla 1511851579, VSMOF dla paczek:
54 
to: (90) 
A najlepsza droga dla 1511851579, VSMOF to: 
1 2 3 4 5 6 7 8 9 10 31 52 53 52 31 10 9 8 7 6 5 4 3 2 1 0 



336. Najlepsza waga dla 1511852359, GBKMO dla paczek:
144 52 
to: (154) 
A najlepsza droga dla 1511852359, GBKMO to: 
1 22 43 44 45 46 47 48 49 70 71 72 73 94 115 116 117 118 139 140 141 142 143 142 141 140 139 118 117 116 115 94 73 52 51 50 49 48 47 46 45 44 43 22 1 0 



337. Najlepsza waga dla 1511853288, ZXZPH dla paczek:
15 148 
to: (163) 
A najlepsza droga dla 1511853288, ZXZPH to: 
1 2 3 4 5 6 7 8 9 10 31 32 33 34 35 14 35 34 33 32 31 52 73 94 93 92 91 112 133 132 131 130 129 128 127 126 147 126 105 84 63 64 43 22 1 0 



338. Najlepsza waga dla 1511854326, YFXGM dla paczek:
47 
to: (42) 
A najlepsza droga dla 1511854326, YFXGM to: 
1 22 43 44 45 46 45 44 43 22 1 0 



339. Najlepsza waga dla 1511854823, BDVWM dla paczek:
27 
to: (48) 
A najlepsza droga dla 1511854823, BDVWM to: 
1 22 43 44 45 46 25 26 25 46 45 44 43 22 1 0 



340. Najlepsza waga dla 1511855516, MQPIZ dla paczek:
113 
to: (72) 
A najlepsza droga dla 1511855516, MQPIZ to: 
1 22 43 44 45 46 47 48 49 70 91 112 91 70 49 48 47 46 45 44 43 22 1 0 



341. Najlepsza waga dla 1511856641, BEOOF dla paczek:
20 25 56 115 
to: (189) 
A najlepsza droga dla 1511856641, BEOOF to: 
1 2 3 4 5 6 7 8 9 10 31 32 33 34 35 14 15 16 17 18 19 18 17 16 15 36 57 56 55 76 75 96 117 116 115 114 93 92 91 70 49 48 47 46 25 24 3 2 1 0 



342. Najlepsza waga dla 1511857083, VXUFJ dla paczek:
76 82 
to: (154) 
A najlepsza droga dla 1511857083, VXUFJ to: 
1 22 43 44 45 46 47 48 49 70 71 72 73 74 75 76 97 98 99 100 101 80 81 80 79 78 57 36 35 34 33 32 31 10 9 8 7 6 5 4 3 2 1 0 



343. Najlepsza waga dla 1511858268, STVXL dla paczek:
30 
to: (58) 
A najlepsza droga dla 1511858268, STVXL to: 
1 22 43 44 45 46 47 48 49 28 29 28 49 48 47 46 45 44 43 22 1 0 



344. Najlepsza waga dla 1511858386, KBJAF dla paczek:
134 56 104 
to: (172) 
A najlepsza droga dla 1511858386, KBJAF to: 
1 22 43 44 45 46 47 48 49 70 91 112 133 112 113 114 115 116 117 118 97 98 99 100 101 80 81 82 103 82 81 80 101 100 99 98 97 76 55 76 75 74 73 72 71 70 49 48 47 46 45 44 43 22 1 0 



345. Najlepsza waga dla 1511858710, SUAXE dla paczek:
75 
to: (86) 
A najlepsza droga dla 1511858710, SUAXE to: 
1 22 43 44 45 46 47 48 49 70 71 72 73 74 73 72 71 70 49 48 47 46 45 44 43 22 1 0 



346. Najlepsza waga dla 1511859540, JESZR dla paczek:
153 38 
to: (162) 
A najlepsza droga dla 1511859540, JESZR to: 
1 22 43 44 65 86 107 108 129 150 151 152 131 132 133 112 91 92 93 94 73 52 31 32 33 34 35 36 37 36 35 34 33 32 31 10 9 8 7 6 5 4 3 2 1 0 



347. Najlepsza waga dla 1511860037, MHWIJ dla paczek:
79 20 125 109 
to: (212) 
A najlepsza droga dla 1511860037, MHWIJ to: 
1 2 3 4 5 6 7 8 9 10 31 32 33 34 35 36 57 78 57 36 15 16 17 18 19 20 41 62 83 82 103 124 123 144 143 142 141 140 139 118 117 116 115 114 113 112 111 110 109 108 107 86 65 44 43 22 1 0 



348. Najlepsza waga dla 1511860863, ADKVV dla paczek:
72 
to: (58) 
A najlepsza droga dla 1511860863, ADKVV to: 
1 22 43 44 45 46 47 48 49 70 71 70 49 48 47 46 45 44 43 22 1 0 



349. Najlepsza waga dla 1511861221, MHWIJ dla paczek:
140 125 
to: (162) 
A najlepsza droga dla 1511861221, MHWIJ to: 
1 22 43 44 45 46 47 48 49 70 71 72 73 94 115 116 117 118 139 140 141 142 143 144 123 124 123 144 143 142 141 140 139 118 117 116 115 94 73 72 71 70 49 48 47 46 45 44 43 22 1 0 



350. Najlepsza waga dla 1511862582, QRYDL dla paczek:
160 47 75 
to: (108) 
A najlepsza droga dla 1511862582, QRYDL to: 
1 22 43 44 45 46 47 48 49 70 71 72 73 94 115 116 137 138 159 138 137 116 115 94 73 74 73 72 71 70 49 48 47 46 45 44 43 22 1 0 



351. Najlepsza waga dla 1511863042, HHHWI dla paczek:
69 52 33 167 
to: (177) 
A najlepsza droga dla 1511863042, HHHWI to: 
1 22 43 44 45 66 67 68 47 48 49 50 51 52 31 32 33 34 35 56 77 98 99 100 121 142 143 144 145 166 145 144 143 142 141 140 139 118 117 116 115 94 73 72 71 70 49 48 47 46 45 44 43 22 1 0 



352. Najlepsza waga dla 1511863697, VXUFJ dla paczek:
167 
to: (154) 
A najlepsza droga dla 1511863697, VXUFJ to: 
1 22 43 44 45 46 47 48 49 70 71 72 73 94 115 116 117 118 139 140 141 142 143 144 145 166 145 144 143 142 141 140 139 118 117 116 115 94 73 72 71 70 49 48 47 46 45 44 43 22 1 0 



353. Najlepsza waga dla 1511865063, XUMBT dla paczek:
85 78 70 
to: (141) 
A najlepsza droga dla 1511865063, XUMBT to: 
1 22 43 64 63 84 63 64 65 66 67 68 69 90 91 92 93 94 115 116 117 118 97 98 77 56 35 34 33 32 31 10 9 8 7 6 5 4 3 2 1 0 



354. Najlepsza waga dla 1511865205, PVGYH dla paczek:
148 101 70 24 
to: (177) 
A najlepsza droga dla 1511865205, PVGYH to: 
1 22 43 64 63 84 105 126 147 126 127 128 129 130 131 132 133 112 113 114 115 116 117 118 97 98 99 100 99 98 97 118 117 116 115 94 93 92 91 90 69 48 47 46 25 24 23 22 1 0 



355. Najlepsza waga dla 1511866663, SHBNP dla paczek:
113 133 161 132 24 71 
to: (123) 
A najlepsza droga dla 1511866663, SHBNP to: 
1 22 43 44 45 46 47 48 49 70 91 112 133 132 131 132 133 112 113 114 115 116 137 138 159 160 159 138 137 116 115 94 73 72 71 70 49 48 47 46 25 24 23 22 1 0 



356. Najlepsza waga dla 1511868149, CBJLY dla paczek:
151 66 72 120 
to: (139) 
A najlepsza droga dla 1511868149, CBJLY to: 
1 22 43 44 65 86 107 108 129 150 151 152 131 132 133 112 113 114 115 116 117 118 119 118 117 116 115 94 73 72 71 70 49 48 47 46 45 44 43 22 1 0 



357. Najlepsza waga dla 1511869282, MHWIJ dla paczek:
22 169 14 30 
to: (160) 
A najlepsza droga dla 1511869282, MHWIJ to: 
21 22 43 64 63 84 105 126 127 148 169 168 169 148 149 150 151 152 131 132 133 112 91 92 93 94 73 52 31 32 33 34 13 34 33 32 31 10 9 8 29 28 49 48 47 46 45 44 43 22 1 0 



358. Najlepsza waga dla 1511869777, UUMQO dla paczek:
126 136 
to: (180) 
A najlepsza droga dla 1511869777, UUMQO to: 
1 22 43 44 45 46 47 48 49 70 71 72 73 94 115 116 117 118 139 140 141 142 143 144 123 124 125 124 123 144 143 142 141 140 139 118 117 116 115 114 135 134 133 112 91 70 49 48 47 46 45 44 43 22 1 0 



359. Najlepsza waga dla 1511871189, QEUNT dla paczek:
116 160 78 
to: (131) 
A najlepsza droga dla 1511871189, QEUNT to: 
1 22 43 44 45 46 47 48 49 70 71 72 73 94 115 116 137 138 159 138 139 118 97 98 77 56 35 34 33 32 31 10 9 8 7 6 5 4 3 2 1 0 



360. Najlepsza waga dla 1511872434, JONGY dla paczek:
87 79 105 
to: (184) 
A najlepsza droga dla 1511872434, JONGY to: 
1 22 43 44 65 86 65 66 45 46 47 48 49 28 29 8 9 10 31 32 33 34 35 36 57 78 79 80 81 82 103 104 103 82 81 80 79 78 57 36 35 34 33 32 31 10 9 8 7 6 5 4 3 2 1 0 



361. Najlepsza waga dla 1511873770, WUVTI dla paczek:
168 166 110 24 
to: (193) 
A najlepsza droga dla 1511873770, WUVTI to: 
1 22 43 44 45 66 67 88 109 110 111 112 113 114 115 116 117 118 139 140 141 162 163 164 165 166 167 166 145 144 143 142 141 140 139 118 117 116 115 94 73 72 71 70 49 48 47 46 25 24 23 22 1 0 



362. Najlepsza waga dla 1511874031, VBDNI dla paczek:
147 
to: (164) 
A najlepsza droga dla 1511874031, VBDNI to: 
1 22 43 44 45 46 47 48 49 70 71 72 73 94 115 116 117 118 139 140 141 142 143 144 145 146 145 144 143 142 141 140 139 118 117 116 115 94 73 72 71 70 49 48 47 46 45 44 43 22 1 0 



363. Najlepsza waga dla 1511874657, XALHC dla paczek:
80 21 16 104 
to: (178) 
A najlepsza droga dla 1511874657, XALHC to: 
1 2 3 4 5 6 7 8 9 10 31 32 33 34 35 36 57 78 79 80 81 82 103 82 83 62 41 20 19 18 17 16 15 14 35 34 33 32 31 10 9 8 7 6 5 4 3 2 1 0 



364. Najlepsza waga dla 1511874714, ADKVV dla paczek:
164 46 100 
to: (141) 
A najlepsza droga dla 1511874714, ADKVV to: 
1 22 43 44 45 46 47 48 49 70 71 72 73 94 115 116 117 118 139 140 141 162 163 162 141 120 99 98 97 118 117 116 115 94 73 72 71 70 49 48 47 46 45 44 43 22 1 0 



365. Najlepsza waga dla 1511875159, VGBPD dla paczek:
50 162 
to: (112) 
A najlepsza droga dla 1511875159, VGBPD to: 
1 22 43 44 45 46 47 48 49 70 71 72 73 94 115 116 137 138 159 160 161 160 159 138 137 116 115 94 73 72 71 70 49 48 47 46 45 44 43 22 1 0 



366. Najlepsza waga dla 1511876495, DJLJT dla paczek:
31 
to: (72) 
A najlepsza droga dla 1511876495, DJLJT to: 
1 22 43 44 45 46 47 48 49 28 29 30 29 28 49 48 47 46 45 44 43 22 1 0 



367. Najlepsza waga dla 1511876751, TAERF dla paczek:
43 
to: (32) 
A najlepsza droga dla 1511876751, TAERF to: 
21 42 21 0 



368. Najlepsza waga dla 1511877180, POPTF dla paczek:
46 134 35 119 
to: (126) 
A najlepsza droga dla 1511877180, POPTF to: 
1 22 43 44 45 46 47 48 49 70 91 112 133 112 113 114 115 116 117 118 97 98 77 56 35 34 33 32 31 10 9 8 7 6 5 4 3 2 1 0 



369. Najlepsza waga dla 1511877368, EGFJU dla paczek:
121 38 
to: (148) 
A najlepsza droga dla 1511877368, EGFJU to: 
1 22 43 44 45 46 47 48 49 70 71 72 73 94 115 116 117 118 139 140 141 120 99 78 57 36 37 36 35 34 33 32 31 10 9 8 7 6 5 4 3 2 1 0 



370. Najlepsza waga dla 1511878472, ZXZPH dla paczek:
54 133 
to: (111) 
A najlepsza droga dla 1511878472, ZXZPH to: 
1 2 3 4 5 6 7 8 9 10 31 52 53 52 73 94 93 92 91 112 133 132 133 112 91 70 49 48 47 46 45 44 43 22 1 0 



371. Najlepsza waga dla 1511879456, MQPIZ dla paczek:
134 59 
to: (146) 
A najlepsza droga dla 1511879456, MQPIZ to: 
1 22 43 44 45 46 47 48 49 70 91 112 133 112 113 114 115 116 117 118 97 98 77 78 79 58 57 36 35 34 33 32 31 10 9 8 7 6 5 4 3 2 1 0 



372. Najlepsza waga dla 1511880544, ZIRCI dla paczek:
14 142 
to: (137) 
A najlepsza droga dla 1511880544, ZIRCI to: 
1 2 3 4 5 6 7 8 9 10 31 32 33 34 13 34 35 56 77 98 99 120 141 140 139 118 117 116 115 94 73 72 71 70 49 48 47 46 45 44 43 22 1 0 



373. Najlepsza waga dla 1511881763, SHBNP dla paczek:
120 81 136 
to: (165) 
A najlepsza droga dla 1511881763, SHBNP to: 
1 2 3 4 5 6 7 8 9 10 31 32 33 34 35 36 57 78 79 80 101 100 99 120 119 118 117 116 115 114 135 134 133 112 91 70 49 48 47 46 45 44 43 22 1 0 



374. Najlepsza waga dla 1511882257, MHWIJ dla paczek:
43 47 42 102 
to: (183) 
A najlepsza droga dla 1511882257, MHWIJ to: 
21 42 43 44 45 46 47 48 49 70 71 72 73 94 115 116 117 118 97 98 99 100 101 80 81 82 83 62 41 40 39 38 37 36 35 34 33 32 31 10 9 8 7 6 5 4 3 2 1 0 



375. Najlepsza waga dla 1511882994, DTXTX dla paczek:
113 169 126 
to: (213) 
A najlepsza droga dla 1511882994, DTXTX to: 
1 22 43 64 63 84 105 126 127 148 169 168 169 148 149 150 151 152 131 132 133 112 113 114 115 116 117 118 139 140 141 142 143 144 123 124 125 124 123 144 143 142 141 140 139 118 117 116 115 94 73 72 71 70 49 48 47 46 45 44 43 22 1 0 



376. Najlepsza waga dla 1511883388, XUFXL dla paczek:
37 60 18 
to: (165) 
A najlepsza droga dla 1511883388, XUFXL to: 
1 2 3 4 5 6 7 8 9 10 31 32 33 34 35 36 57 58 59 38 17 16 15 14 35 34 33 32 31 10 9 8 7 6 5 4 3 2 1 0 



377. Najlepsza waga dla 1511883834, AWFSU dla paczek:
115 
to: (80) 
A najlepsza droga dla 1511883834, AWFSU to: 
1 22 43 44 45 46 47 48 49 70 91 92 93 114 93 92 91 70 49 48 47 46 45 44 43 22 1 0 



378. Najlepsza waga dla 1511884157, FHZVC dla paczek:
95 30 81 151 
to: (179) 
A najlepsza droga dla 1511884157, FHZVC to: 
1 22 43 44 45 46 47 48 49 28 29 8 9 10 31 52 73 94 115 116 117 118 97 98 99 100 101 80 101 100 99 98 97 118 117 116 115 114 113 112 133 132 131 152 151 150 129 108 107 86 65 44 43 22 1 0 



379. Najlepsza waga dla 1511884275, XAEXN dla paczek:
83 
to: (156) 
A najlepsza droga dla 1511884275, XAEXN to: 
1 2 3 4 5 6 7 8 9 10 31 32 33 34 35 36 57 78 79 80 81 82 81 80 79 78 57 36 35 34 33 32 31 10 9 8 7 6 5 4 3 2 1 0 



380. Najlepsza waga dla 1511885140, QRYDL dla paczek:
113 39 35 
to: (145) 
A najlepsza droga dla 1511885140, QRYDL to: 
1 22 43 44 45 46 47 48 49 70 91 112 91 92 93 94 73 52 31 32 33 34 35 36 37 38 37 36 35 34 33 32 31 10 9 8 7 6 5 4 3 2 1 0 



381. Najlepsza waga dla 1511885179, BZFXR dla paczek:
89 140 98 40 
to: (168) 
A najlepsza droga dla 1511885179, BZFXR to: 
1 22 43 44 45 66 67 88 109 110 111 112 113 114 115 116 117 118 139 118 97 98 77 78 57 36 37 38 39 38 37 36 35 34 33 32 31 10 9 8 7 6 5 4 3 2 1 0 



382. Najlepsza waga dla 1511885599, XVSFV dla paczek:
57 31 40 
to: (141) 
A najlepsza droga dla 1511885599, XVSFV to: 
1 2 3 4 5 6 7 8 9 10 31 32 33 34 35 56 57 36 37 38 39 38 37 36 35 34 33 32 31 30 29 28 49 48 47 46 45 44 43 22 1 0 



383. Najlepsza waga dla 1511886677, XZFAK dla paczek:
59 22 
to: (136) 
A najlepsza droga dla 1511886677, XZFAK to: 
1 2 3 4 5 6 7 8 9 10 31 32 33 34 35 36 57 58 57 36 35 34 33 32 31 10 9 8 29 28 49 48 47 46 45 44 43 22 21 0 



384. Najlepsza waga dla 1511888119, MQPIZ dla paczek:
137 
to: (100) 
A najlepsza droga dla 1511888119, MQPIZ to: 
1 22 43 44 45 46 47 48 49 70 91 112 133 134 135 136 135 134 133 112 91 70 49 48 47 46 45 44 43 22 1 0 



385. Najlepsza waga dla 1511889143, GHSGJ dla paczek:
60 118 79 37 
to: (154) 
A najlepsza droga dla 1511889143, GHSGJ to: 
1 22 43 44 45 46 47 48 49 70 71 72 73 94 115 116 117 118 97 98 77 78 79 58 59 58 57 36 35 34 33 32 31 10 9 8 7 6 5 4 3 2 1 0 



386. Najlepsza waga dla 1511889408, IEBZI dla paczek:
163 23 93 
to: (126) 
A najlepsza droga dla 1511889408, IEBZI to: 
1 22 43 44 45 46 47 48 49 70 71 72 73 94 115 116 117 118 139 140 141 162 141 140 139 118 117 116 115 94 93 92 91 70 49 48 47 46 45 44 43 22 1 0 



387. Najlepsza waga dla 1511890337, RCDUU dla paczek:
70 121 60 
to: (162) 
A najlepsza droga dla 1511890337, RCDUU to: 
1 22 43 44 45 46 47 48 69 90 91 92 93 94 115 116 117 118 139 140 141 120 99 100 79 58 59 58 57 36 35 34 33 32 31 10 9 8 7 6 5 4 3 2 1 0 



388. Najlepsza waga dla 1511891010, IVLOL dla paczek:
90 33 
to: (104) 
A najlepsza droga dla 1511891010, IVLOL to: 
1 22 43 44 45 66 67 68 89 90 91 92 93 94 73 52 31 32 31 10 9 8 7 6 5 4 3 2 1 0 



389. Najlepsza waga dla 1511892328, KLNCX dla paczek:
66 46 63 
to: (160) 
A najlepsza droga dla 1511892328, KLNCX to: 
1 22 43 44 65 66 45 46 47 48 49 28 29 8 9 10 31 32 33 34 35 36 37 38 39 60 61 62 61 60 39 38 37 36 35 34 33 32 31 10 9 8 7 6 5 4 3 2 1 0 



390. Najlepsza waga dla 1511893560, BHRUX dla paczek:
158 149 
to: (137) 
A najlepsza droga dla 1511893560, BHRUX to: 
1 22 43 44 45 46 47 48 49 70 91 112 133 134 135 156 157 178 199 198 197 196 217 216 195 194 193 192 171 170 169 148 127 126 105 84 63 64 43 22 1 0 



391. Najlepsza waga dla 1511893565, CNERU dla paczek:
82 
to: (150) 
A najlepsza droga dla 1511893565, CNERU to: 
1 2 3 4 5 6 7 8 9 10 31 32 33 34 35 36 57 78 79 80 81 80 79 78 57 36 35 34 33 32 31 10 9 8 7 6 5 4 3 2 1 0 



392. Najlepsza waga dla 1511894330, YVXRN dla paczek:
132 62 108 60 
to: (184) 
A najlepsza droga dla 1511894330, YVXRN to: 
1 2 3 4 5 6 7 8 9 10 31 32 33 34 35 36 37 38 39 60 61 60 59 58 79 78 77 98 97 118 117 116 115 114 113 112 133 132 131 130 109 108 107 86 65 44 43 22 1 0 



393. Najlepsza waga dla 1511894561, EGFJU dla paczek:
146 
to: (152) 
A najlepsza droga dla 1511894561, EGFJU to: 
1 22 43 44 45 46 47 48 49 70 71 72 73 94 115 116 117 118 139 140 141 142 143 144 145 144 143 142 141 140 139 118 117 116 115 94 73 72 71 70 49 48 47 46 45 44 43 22 1 0 



394. Najlepsza waga dla 1511895357, CNERU dla paczek:
97 71 
to: (102) 
A najlepsza droga dla 1511895357, CNERU to: 
1 22 43 44 45 46 47 48 49 70 71 72 73 94 95 96 95 94 73 72 71 70 49 48 47 46 45 44 43 22 1 0 



395. Najlepsza waga dla 1511895986, CNERU dla paczek:
139 
to: (98) 
A najlepsza droga dla 1511895986, CNERU to: 
1 22 43 44 45 46 47 48 49 70 71 72 73 94 115 116 137 138 137 116 115 94 73 72 71 70 49 48 47 46 45 44 43 22 1 0 



396. Najlepsza waga dla 1511896090, CBJLY dla paczek:
14 92 
to: (109) 
A najlepsza droga dla 1511896090, CBJLY to: 
1 2 3 4 5 6 7 8 9 10 31 32 33 34 13 34 33 32 31 52 73 94 93 92 91 70 49 48 47 46 45 44 43 22 1 0 



397. Najlepsza waga dla 1511897352, UEPZT dla paczek:
65 
to: (32) 
A najlepsza droga dla 1511897352, UEPZT to: 
1 22 43 64 43 22 1 0 



398. Najlepsza waga dla 1511897983, CIWOU dla paczek:
160 90 90 124 
to: (167) 
A najlepsza droga dla 1511897983, CIWOU to: 
1 22 43 44 45 46 47 48 49 70 71 72 73 94 115 116 137 138 159 160 161 162 163 164 143 144 123 144 143 142 141 140 139 118 117 116 115 94 93 92 91 90 89 68 67 66 45 44 43 22 1 0 



399. Najlepsza waga dla 1511898403, ADKVV dla paczek:
34 101 73 
to: (132) 
A najlepsza droga dla 1511898403, ADKVV to: 
1 2 3 4 5 6 7 8 9 10 31 32 33 34 35 56 77 98 99 100 99 98 97 118 117 116 115 94 73 72 71 70 49 48 47 46 45 44 43 22 1 0 



400. Najlepsza waga dla 1511899871, NQJFX dla paczek:
164 71 76 13 
to: (160) 
A najlepsza droga dla 1511899871, NQJFX to: 
1 22 43 44 45 46 47 48 49 70 71 72 73 74 75 76 97 98 99 120 141 162 163 162 141 120 99 98 77 56 35 34 33 12 11 10 9 8 7 6 5 4 3 2 1 0 



401. Najlepsza waga dla 1511900997, NQJFX dla paczek:
84 160 
to: (171) 
A najlepsza droga dla 1511900997, NQJFX to: 
1 2 3 4 5 6 7 8 9 10 31 32 33 34 35 36 37 38 39 60 61 62 83 82 81 80 101 100 99 98 97 118 139 138 159 138 137 116 115 94 73 72 71 70 49 48 47 46 45 44 43 22 1 0 



