703. Najlepsza waga dla 1512127119, QEUNT dla paczek:
144 120 72 
to: (148) 
A najlepsza droga dla 1512127119, QEUNT to: 
1 22 43 44 45 46 47 48 49 70 71 72 73 94 115 116 117 118 139 140 141 142 143 142 141 120 119 118 117 116 115 94 73 72 71 70 49 48 47 46 45 44 43 22 1 0 



704. Najlepsza waga dla 1512127936, FPVNJ dla paczek:
98 169 118 
to: (157) 
A najlepsza droga dla 1512127936, FPVNJ to: 
1 22 43 44 45 46 47 48 49 70 71 72 73 94 115 116 117 118 97 118 117 116 115 114 113 112 133 132 131 152 151 150 149 148 169 168 169 148 127 126 105 84 63 64 43 22 1 0 



705. Najlepsza waga dla 1512128311, KLOJK dla paczek:
136 
to: (86) 
A najlepsza droga dla 1512128311, KLOJK to: 
1 22 43 44 45 46 47 48 49 70 91 112 133 134 135 134 133 112 91 70 49 48 47 46 45 44 43 22 1 0 



706. Najlepsza waga dla 1512128416, ATMVF dla paczek:
46 
to: (38) 
A najlepsza droga dla 1512128416, ATMVF to: 
1 22 43 44 45 44 43 22 1 0 



707. Najlepsza waga dla 1512128706, PRUFP dla paczek:
117 
to: (90) 
A najlepsza droga dla 1512128706, PRUFP to: 
1 22 43 44 45 46 47 48 49 70 71 72 73 94 115 116 115 94 73 72 71 70 49 48 47 46 45 44 43 22 1 0 



708. Najlepsza waga dla 1512129775, WVZMB dla paczek:
115 148 147 147 
to: (206) 
A najlepsza droga dla 1512129775, WVZMB to: 
1 22 43 64 63 84 105 126 147 126 127 128 129 130 131 132 133 112 113 114 115 116 117 118 139 140 141 142 143 144 145 146 145 144 143 142 141 140 139 118 117 116 115 94 73 72 71 70 49 48 47 46 45 44 43 22 1 0 



709. Najlepsza waga dla 1512129849, JONGY dla paczek:
25 55 
to: (111) 
A najlepsza droga dla 1512129849, JONGY to: 
1 2 3 24 25 46 47 48 49 70 71 72 73 74 75 54 53 52 31 10 9 8 7 6 5 4 3 2 1 0 



710. Najlepsza waga dla 1512130007, QQQFR dla paczek:
124 22 47 
to: (155) 
A najlepsza droga dla 1512130007, QQQFR to: 
1 22 43 44 45 46 47 48 49 70 71 72 73 94 115 116 117 118 139 140 141 142 143 144 123 144 143 142 141 140 139 118 117 116 115 94 73 72 71 70 49 48 47 46 45 44 43 22 21 0 



711. Najlepsza waga dla 1512130772, QRYDL dla paczek:
33 85 153 160 
to: (136) 
A najlepsza droga dla 1512130772, QRYDL to: 
1 2 3 4 5 6 7 8 9 10 31 32 31 52 73 94 115 116 137 138 159 138 137 116 115 114 113 112 133 132 131 152 151 150 129 108 107 106 105 84 63 64 43 22 1 0 



712. Najlepsza waga dla 1512131743, SUAXE dla paczek:
124 39 55 72 
to: (181) 
A najlepsza droga dla 1512131743, SUAXE to: 
1 22 43 44 45 46 47 48 49 70 71 72 73 94 115 116 117 118 139 140 141 142 143 144 123 102 81 60 39 38 37 36 35 34 33 54 75 74 73 72 71 70 49 48 47 46 45 44 43 22 1 0 



713. Najlepsza waga dla 1512132548, DGECF dla paczek:
81 149 
to: (185) 
A najlepsza droga dla 1512132548, DGECF to: 
1 2 3 4 5 6 7 8 9 10 31 32 33 34 35 36 57 78 79 80 101 100 99 98 97 118 117 116 115 114 113 112 133 132 131 152 151 150 149 148 127 126 105 84 63 64 43 22 1 0 



714. Najlepsza waga dla 1512132557, UDHXE dla paczek:
25 167 140 
to: (157) 
A najlepsza droga dla 1512132557, UDHXE to: 
1 2 3 24 25 46 47 48 49 70 71 72 73 94 115 116 117 118 139 140 141 142 143 144 145 166 145 144 143 142 141 140 139 118 117 116 115 94 73 72 71 70 49 48 47 46 45 44 43 22 1 0 



715. Najlepsza waga dla 1512133651, UTIEH dla paczek:
145 117 
to: (148) 
A najlepsza droga dla 1512133651, UTIEH to: 
1 22 43 44 45 46 47 48 49 70 71 72 73 94 115 116 117 118 139 140 141 142 143 144 143 142 141 140 139 118 117 116 115 94 73 72 71 70 49 48 47 46 45 44 43 22 1 0 



716. Najlepsza waga dla 1512134550, SUAXE dla paczek:
119 
to: (100) 
A najlepsza droga dla 1512134550, SUAXE to: 
1 22 43 44 45 46 47 48 49 70 71 72 73 94 115 116 117 118 117 116 115 94 73 72 71 70 49 48 47 46 45 44 43 22 1 0 



717. Najlepsza waga dla 1512134843, DDERH dla paczek:
69 134 147 
to: (173) 
A najlepsza droga dla 1512134843, DDERH to: 
1 22 43 44 45 66 67 68 47 48 49 70 91 112 133 112 113 114 115 116 117 118 139 140 141 142 143 144 145 146 145 144 143 142 141 140 139 118 117 116 115 94 73 72 71 70 49 48 47 46 45 44 43 22 1 0 



718. Najlepsza waga dla 1512135808, KLNCX dla paczek:
147 131 118 
to: (182) 
A najlepsza droga dla 1512135808, KLNCX to: 
1 22 43 44 45 46 47 48 49 70 71 72 73 94 115 116 117 118 139 140 141 142 143 144 145 146 145 144 143 142 141 140 139 118 117 116 115 114 113 112 133 132 131 130 109 88 67 66 45 44 43 22 1 0 



719. Najlepsza waga dla 1512137003, ZBQTG dla paczek:
91 35 44 
to: (107) 
A najlepsza droga dla 1512137003, ZBQTG to: 
1 2 3 4 5 6 7 8 9 10 31 32 33 34 33 32 31 52 73 94 93 92 91 90 69 48 47 46 45 44 43 22 1 0 



720. Najlepsza waga dla 1512138423, UDHAJ dla paczek:
46 47 15 114 
to: (123) 
A najlepsza droga dla 1512138423, UDHAJ to: 
1 22 43 44 45 46 47 48 49 70 91 112 113 114 115 94 73 52 31 32 33 34 35 14 35 34 33 32 31 10 9 8 7 6 5 4 3 2 1 0 



721. Najlepsza waga dla 1512139094, TCWTQ dla paczek:
70 152 79 26 
to: (155) 
A najlepsza droga dla 1512139094, TCWTQ to: 
1 2 3 4 5 6 7 8 9 10 31 32 33 34 35 36 57 78 77 98 97 118 117 116 115 114 113 112 133 132 131 152 151 152 131 132 111 90 69 48 47 46 25 46 45 44 43 22 1 0 



722. Najlepsza waga dla 1512140560, KBJAF dla paczek:
99 
to: (118) 
A najlepsza droga dla 1512140560, KBJAF to: 
1 22 43 44 45 46 47 48 49 70 71 72 73 94 115 116 117 118 97 98 97 118 117 116 115 94 73 72 71 70 49 48 47 46 45 44 43 22 1 0 



723. Najlepsza waga dla 1512140618, ITPXM dla paczek:
21 
to: (162) 
A najlepsza droga dla 1512140618, ITPXM to: 
1 2 3 4 5 6 7 8 9 10 31 32 33 34 35 36 37 38 39 40 41 20 41 40 39 38 37 36 35 34 33 32 31 10 9 8 7 6 5 4 3 2 1 0 



724. Najlepsza waga dla 1512140855, HNYIU dla paczek:
100 
to: (124) 
A najlepsza droga dla 1512140855, HNYIU to: 
1 22 43 44 45 46 47 48 49 70 71 72 73 94 115 116 117 118 97 98 99 98 97 118 117 116 115 94 73 72 71 70 49 48 47 46 45 44 43 22 1 0 



725. Najlepsza waga dla 1512141071, BDVWM dla paczek:
22 27 
to: (49) 
A najlepsza droga dla 1512141071, BDVWM to: 
21 22 43 44 45 46 25 26 25 46 45 44 43 22 1 0 



726. Najlepsza waga dla 1512141795, UUMQO dla paczek:
80 61 
to: (152) 
A najlepsza droga dla 1512141795, UUMQO to: 
1 2 3 4 5 6 7 8 9 10 31 32 33 34 35 36 57 78 79 58 59 60 39 38 37 36 35 34 33 32 31 10 9 8 7 6 5 4 3 2 1 0 



727. Najlepsza waga dla 1512142349, QYKJR dla paczek:
101 
to: (128) 
A najlepsza droga dla 1512142349, QYKJR to: 
1 22 43 44 45 46 47 48 49 70 71 72 73 94 115 116 117 118 97 98 99 100 99 98 97 118 117 116 115 94 73 72 71 70 49 48 47 46 45 44 43 22 1 0 



728. Najlepsza waga dla 1512143837, IJIFH dla paczek:
152 
to: (88) 
A najlepsza droga dla 1512143837, IJIFH to: 
1 22 43 44 65 86 107 108 129 150 151 150 129 108 107 86 65 44 43 22 1 0 



729. Najlepsza waga dla 1512144291, YBGWW dla paczek:
81 94 31 
to: (152) 
A najlepsza droga dla 1512144291, YBGWW to: 
1 22 43 44 45 46 47 48 49 70 91 92 93 94 115 116 117 118 97 98 99 100 101 80 79 78 57 36 35 34 33 32 31 30 29 28 49 48 47 46 45 44 43 22 1 0 



730. Najlepsza waga dla 1512145544, UQIKA dla paczek:
54 49 61 149 
to: (201) 
A najlepsza droga dla 1512145544, UQIKA to: 
1 22 43 44 45 46 47 48 49 28 29 8 9 10 31 52 53 32 33 34 35 36 37 38 39 60 81 80 101 100 99 98 97 118 117 116 115 114 113 112 133 132 131 152 151 150 149 148 127 126 105 84 63 64 43 22 1 0 



731. Najlepsza waga dla 1512146545, VBDNI dla paczek:
135 14 
to: (125) 
A najlepsza droga dla 1512146545, VBDNI to: 
1 22 43 44 45 46 47 48 49 70 91 112 133 134 135 114 115 94 73 52 31 32 33 34 13 34 33 32 31 10 9 8 7 6 5 4 3 2 1 0 



732. Najlepsza waga dla 1512147624, RWJLG dla paczek:
169 168 
to: (209) 
A najlepsza droga dla 1512147624, RWJLG to: 
1 22 43 64 63 84 105 126 127 148 169 168 169 148 149 150 151 152 131 132 133 112 113 114 115 116 117 118 139 140 141 142 143 144 145 166 167 166 145 144 143 142 141 140 139 118 117 116 115 94 73 72 71 70 49 48 47 46 45 44 43 22 1 0 



733. Najlepsza waga dla 1512147903, PVGYH dla paczek:
78 
to: (118) 
A najlepsza droga dla 1512147903, PVGYH to: 
1 2 3 4 5 6 7 8 9 10 31 32 33 34 35 56 77 56 35 34 33 32 31 10 9 8 7 6 5 4 3 2 1 0 



734. Najlepsza waga dla 1512148520, VBDNI dla paczek:
46 122 
to: (142) 
A najlepsza droga dla 1512148520, VBDNI to: 
1 22 43 44 45 46 47 48 49 70 71 72 73 94 115 116 117 118 139 140 141 120 121 120 141 140 139 118 117 116 115 94 73 72 71 70 49 48 47 46 45 44 43 22 1 0 



735. Najlepsza waga dla 1512149699, HXYLZ dla paczek:
76 87 97 
to: (125) 
A najlepsza droga dla 1512149699, HXYLZ to: 
1 22 43 44 45 46 47 48 49 70 71 72 73 74 75 96 95 94 73 72 71 70 49 48 47 46 45 66 65 86 65 44 43 22 1 0 



736. Najlepsza waga dla 1512151051, QGTKX dla paczek:
101 66 147 47 
to: (176) 
A najlepsza droga dla 1512151051, QGTKX to: 
1 22 43 44 45 46 47 48 49 70 71 72 73 94 115 116 117 118 97 98 99 100 121 142 143 144 145 146 145 144 143 142 141 140 139 118 117 116 115 94 73 72 71 70 49 48 47 46 45 66 65 44 43 22 1 0 



737. Najlepsza waga dla 1512151885, HYKKU dla paczek:
84 81 95 
to: (162) 
A najlepsza droga dla 1512151885, HYKKU to: 
1 2 3 4 5 6 7 8 9 10 31 32 33 34 35 36 37 38 39 60 61 62 83 82 81 80 101 100 99 98 97 118 117 116 115 94 73 72 71 70 49 48 47 46 45 44 43 22 1 0 



738. Najlepsza waga dla 1512152579, RWJLG dla paczek:
122 113 
to: (144) 
A najlepsza droga dla 1512152579, RWJLG to: 
1 22 43 44 45 46 47 48 49 70 71 72 73 94 115 116 117 118 139 140 141 120 121 120 141 140 139 118 117 116 115 114 113 112 91 70 49 48 47 46 45 44 43 22 1 0 



739. Najlepsza waga dla 1512152697, KJXWP dla paczek:
39 
to: (130) 
A najlepsza droga dla 1512152697, KJXWP to: 
1 2 3 4 5 6 7 8 9 10 31 32 33 34 35 36 37 38 37 36 35 34 33 32 31 10 9 8 7 6 5 4 3 2 1 0 



740. Najlepsza waga dla 1512152721, NRSAD dla paczek:
77 36 
to: (116) 
A najlepsza droga dla 1512152721, NRSAD to: 
1 22 43 44 45 46 47 48 49 70 71 72 73 74 75 76 55 34 35 34 33 32 31 10 9 8 7 6 5 4 3 2 1 0 



741. Najlepsza waga dla 1512153468, FPVNJ dla paczek:
111 20 
to: (181) 
A najlepsza droga dla 1512153468, FPVNJ to: 
1 22 43 44 45 66 67 68 89 110 111 90 91 92 93 94 73 52 31 32 33 34 35 14 15 16 17 18 19 18 17 16 15 14 35 34 33 32 31 10 9 8 7 6 5 4 3 2 1 0 



742. Najlepsza waga dla 1512154509, PGFIJ dla paczek:
159 108 83 
to: (200) 
A najlepsza droga dla 1512154509, PGFIJ to: 
1 22 43 44 65 86 107 108 109 110 111 112 113 114 115 116 137 158 137 116 117 118 97 98 99 100 101 80 81 82 81 80 79 78 57 36 35 34 33 32 31 10 9 8 7 6 5 4 3 2 1 0 



743. Najlepsza waga dla 1512154974, ZCIVT dla paczek:
79 111 
to: (137) 
A najlepsza droga dla 1512154974, ZCIVT to: 
1 2 3 4 5 6 7 8 9 10 31 32 33 34 35 36 57 78 57 36 35 34 33 32 31 52 73 94 93 92 91 90 111 110 89 68 67 66 45 44 43 22 1 0 



744. Najlepsza waga dla 1512155862, RWJLG dla paczek:
39 79 89 91 
to: (159) 
A najlepsza droga dla 1512155862, RWJLG to: 
1 2 3 4 5 6 7 8 9 10 31 32 33 34 35 36 37 38 37 36 57 78 57 36 35 34 33 32 31 52 73 94 93 92 91 90 111 110 109 88 67 66 45 44 43 22 1 0 



745. Najlepsza waga dla 1512155993, XUFXL dla paczek:
82 15 105 
to: (168) 
A najlepsza droga dla 1512155993, XUFXL to: 
1 2 3 4 5 6 7 8 9 10 31 32 33 34 35 36 57 78 79 80 81 82 103 104 103 82 81 80 79 78 57 36 35 14 35 34 33 32 31 10 9 8 7 6 5 4 3 2 1 0 



746. Najlepsza waga dla 1512156793, ZUHRI dla paczek:
130 113 150 99 
to: (151) 
A najlepsza droga dla 1512156793, ZUHRI to: 
1 22 43 44 65 86 107 108 129 150 149 150 151 152 131 132 133 112 113 114 115 116 117 118 97 98 97 118 117 116 115 94 73 72 71 70 49 48 47 46 45 44 43 22 1 0 



747. Najlepsza waga dla 1512157213, HNYIU dla paczek:
78 
to: (118) 
A najlepsza droga dla 1512157213, HNYIU to: 
1 2 3 4 5 6 7 8 9 10 31 32 33 34 35 56 77 56 35 34 33 32 31 10 9 8 7 6 5 4 3 2 1 0 



748. Najlepsza waga dla 1512157941, ADKVV dla paczek:
136 83 
to: (166) 
A najlepsza droga dla 1512157941, ADKVV to: 
1 22 43 44 45 46 47 48 49 70 91 112 133 134 135 114 115 116 117 118 97 98 99 100 101 80 81 82 81 80 79 78 57 36 35 34 33 32 31 10 9 8 7 6 5 4 3 2 1 0 



749. Najlepsza waga dla 1512159152, BHRTA dla paczek:
146 162 
to: (154) 
A najlepsza droga dla 1512159152, BHRTA to: 
1 22 43 44 45 46 47 48 49 70 71 72 73 94 115 116 117 118 139 140 141 142 143 144 145 144 143 164 163 162 161 160 159 138 137 116 115 94 73 72 71 70 49 48 47 46 45 44 43 22 1 0 



750. Najlepsza waga dla 1512159714, VGBPD dla paczek:
129 48 85 159 
to: (137) 
A najlepsza droga dla 1512159714, VGBPD to: 
1 22 43 44 45 46 47 48 49 70 71 72 73 94 115 116 137 158 137 116 115 114 113 112 133 132 131 130 129 128 107 106 105 84 63 64 43 22 1 0 



751. Najlepsza waga dla 1512160139, VLCUD dla paczek:
88 
to: (58) 
A najlepsza droga dla 1512160139, VLCUD to: 
1 22 43 44 45 66 87 66 45 44 43 22 1 0 



752. Najlepsza waga dla 1512161027, UDHXE dla paczek:
76 89 60 
to: (173) 
A najlepsza droga dla 1512161027, UDHXE to: 
1 22 43 44 45 66 67 88 109 110 111 90 91 92 93 94 73 74 75 76 77 78 79 58 59 58 57 36 35 34 33 32 31 10 9 8 7 6 5 4 3 2 1 0 



753. Najlepsza waga dla 1512162398, HFCQS dla paczek:
148 156 
to: (129) 
A najlepsza droga dla 1512162398, HFCQS to: 
1 22 43 64 63 84 105 126 147 168 169 170 171 192 193 194 195 174 175 176 155 154 133 112 91 70 49 48 47 46 45 44 43 22 1 0 



754. Najlepsza waga dla 1512163570, LRHNY dla paczek:
156 59 
to: (164) 
A najlepsza droga dla 1512163570, LRHNY to: 
1 22 43 44 45 46 47 48 49 70 91 112 133 154 155 134 135 114 115 116 117 118 97 98 77 78 79 58 57 36 35 34 33 32 31 10 9 8 7 6 5 4 3 2 1 0 



755. Najlepsza waga dla 1512164763, WUVTI dla paczek:
101 90 
to: (139) 
A najlepsza droga dla 1512164763, WUVTI to: 
1 22 43 44 45 46 47 48 49 70 71 72 73 94 115 116 117 118 97 98 99 100 99 98 97 118 117 116 115 94 93 92 91 90 89 68 67 66 45 44 43 22 1 0 



756. Najlepsza waga dla 1512165750, AEZQI dla paczek:
101 
to: (128) 
A najlepsza droga dla 1512165750, AEZQI to: 
1 22 43 44 45 46 47 48 49 70 71 72 73 94 115 116 117 118 97 98 99 100 99 98 97 118 117 116 115 94 73 72 71 70 49 48 47 46 45 44 43 22 1 0 



757. Najlepsza waga dla 1512166335, ZKFVA dla paczek:
157 47 66 
to: (105) 
A najlepsza droga dla 1512166335, ZKFVA to: 
1 22 43 44 45 46 47 48 49 70 91 112 133 134 135 156 135 134 133 112 91 70 49 48 47 46 45 66 65 44 43 22 1 0 



758. Najlepsza waga dla 1512166831, ZKFVA dla paczek:
68 80 99 145 
to: (175) 
A najlepsza droga dla 1512166831, ZKFVA to: 
1 22 43 44 45 66 67 68 47 48 49 70 71 72 73 94 115 116 117 118 97 98 77 78 79 80 81 102 123 144 143 142 141 140 139 118 117 116 115 94 73 72 71 70 49 48 47 46 45 44 43 22 1 0 



759. Najlepsza waga dla 1512167920, UUHDG dla paczek:
130 120 105 
to: (192) 
A najlepsza droga dla 1512167920, UUHDG to: 
1 22 43 44 65 86 107 108 129 130 131 132 133 112 113 114 115 116 117 118 119 120 99 100 101 80 81 82 103 104 103 82 81 80 79 78 57 36 35 34 33 32 31 10 9 8 7 6 5 4 3 2 1 0 



760. Najlepsza waga dla 1512168409, NRSAD dla paczek:
79 
to: (120) 
A najlepsza droga dla 1512168409, NRSAD to: 
1 2 3 4 5 6 7 8 9 10 31 32 33 34 35 36 57 78 57 36 35 34 33 32 31 10 9 8 7 6 5 4 3 2 1 0 



761. Najlepsza waga dla 1512169245, ZFNPS dla paczek:
59 42 77 
to: (175) 
A najlepsza droga dla 1512169245, ZFNPS to: 
1 2 3 4 5 6 7 8 9 10 31 32 33 34 35 36 37 38 39 40 41 40 39 38 37 58 79 78 77 76 75 74 73 72 71 70 49 48 47 46 45 44 43 22 1 0 



762. Najlepsza waga dla 1512169921, XIVMV dla paczek:
98 89 
to: (133) 
A najlepsza droga dla 1512169921, XIVMV to: 
1 22 43 44 45 46 47 48 49 70 71 72 73 94 115 116 117 118 97 118 117 116 115 114 113 112 111 110 109 88 67 66 45 44 43 22 1 0 



763. Najlepsza waga dla 1512170258, KJXWP dla paczek:
146 134 
to: (156) 
A najlepsza droga dla 1512170258, KJXWP to: 
1 22 43 44 45 46 47 48 49 70 71 72 73 94 115 116 117 118 139 140 141 142 143 144 145 144 143 142 141 140 139 118 117 116 115 114 113 112 133 112 91 70 49 48 47 46 45 44 43 22 1 0 



764. Najlepsza waga dla 1512171480, JDCDX dla paczek:
23 
to: (16) 
A najlepsza droga dla 1512171480, JDCDX to: 
1 22 1 0 



765. Najlepsza waga dla 1512172976, FPVNJ dla paczek:
38 133 
to: (151) 
A najlepsza droga dla 1512172976, FPVNJ to: 
1 2 3 4 5 6 7 8 9 10 31 32 33 34 35 36 37 36 35 34 33 32 31 52 73 94 93 92 91 112 133 132 133 112 91 70 49 48 47 46 45 44 43 22 1 0 



766. Najlepsza waga dla 1512174143, PVGYH dla paczek:
73 141 147 35 
to: (175) 
A najlepsza droga dla 1512174143, PVGYH to: 
1 22 43 44 45 46 47 48 49 70 71 72 73 94 115 116 117 118 139 140 141 142 143 144 145 146 145 144 143 142 121 100 99 98 77 56 35 34 33 32 31 10 9 8 7 6 5 4 3 2 1 0 



767. Najlepsza waga dla 1512174309, NQJFX dla paczek:
18 155 
to: (173) 
A najlepsza droga dla 1512174309, NQJFX to: 
1 2 3 4 5 6 7 8 9 10 31 32 33 34 35 14 15 16 17 16 15 14 35 34 33 32 31 52 73 94 93 92 91 112 133 154 133 112 91 70 49 48 47 46 45 44 43 22 1 0 



768. Najlepsza waga dla 1512175728, ZKFVA dla paczek:
136 58 
to: (135) 
A najlepsza droga dla 1512175728, ZKFVA to: 
1 22 43 44 45 46 47 48 49 70 91 112 133 134 135 114 115 116 117 118 97 98 77 78 57 36 35 34 33 32 31 10 9 8 7 6 5 4 3 2 1 0 



769. Najlepsza waga dla 1512177196, JSJQT dla paczek:
27 
to: (48) 
A najlepsza droga dla 1512177196, JSJQT to: 
1 22 43 44 45 46 25 26 25 46 45 44 43 22 1 0 



770. Najlepsza waga dla 1512178622, AWFSU dla paczek:
137 142 
to: (136) 
A najlepsza droga dla 1512178622, AWFSU to: 
1 22 43 44 45 46 47 48 49 70 91 112 133 134 135 136 115 116 117 118 139 140 141 140 139 118 117 116 115 94 73 72 71 70 49 48 47 46 45 44 43 22 1 0 



771. Najlepsza waga dla 1512179253, UBQWA dla paczek:
96 125 51 92 
to: (175) 
A najlepsza droga dla 1512179253, UBQWA to: 
1 22 43 44 45 46 47 48 49 50 29 8 9 10 31 32 33 34 35 36 57 78 79 80 81 82 103 124 123 144 143 142 141 140 139 118 117 116 95 94 93 92 91 70 49 48 47 46 45 44 43 22 1 0 



772. Najlepsza waga dla 1512180471, TCWTQ dla paczek:
94 166 116 21 
to: (189) 
A najlepsza droga dla 1512180471, TCWTQ to: 
1 22 43 44 45 46 47 48 49 70 91 92 93 94 115 116 117 118 139 140 141 162 163 164 165 166 145 124 103 82 83 62 41 20 41 40 39 38 37 36 35 34 33 32 31 10 9 8 7 6 5 4 3 2 1 0 



773. Najlepsza waga dla 1512181051, TAERF dla paczek:
156 79 169 
to: (180) 
A najlepsza droga dla 1512181051, TAERF to: 
1 2 3 4 5 6 7 8 9 10 31 32 33 34 35 36 57 78 77 98 97 118 117 116 115 114 135 134 155 176 175 174 195 194 193 192 171 170 169 168 169 148 127 126 105 84 63 64 43 22 1 0 



774. Najlepsza waga dla 1512182220, VSMOF dla paczek:
134 113 24 25 
to: (79) 
A najlepsza droga dla 1512182220, VSMOF to: 
1 22 43 44 45 46 47 48 49 70 91 112 133 112 91 70 49 48 47 46 25 24 23 22 1 0 



775. Najlepsza waga dla 1512183672, WVZMB dla paczek:
59 69 29 
to: (140) 
A najlepsza droga dla 1512183672, WVZMB to: 
1 2 3 4 5 6 7 8 9 10 31 32 33 34 35 36 57 58 57 36 35 34 33 32 31 10 9 8 29 28 49 48 47 68 67 66 45 44 43 22 1 0 



776. Najlepsza waga dla 1512183706, UDHAJ dla paczek:
75 102 44 
to: (146) 
A najlepsza droga dla 1512183706, UDHAJ to: 
1 22 43 44 45 46 47 48 49 70 71 72 73 74 75 76 97 98 99 100 101 100 99 98 97 118 117 116 115 94 73 72 71 70 49 48 47 46 45 44 43 22 1 0 



777. Najlepsza waga dla 1512184174, SSWCM dla paczek:
38 14 66 
to: (138) 
A najlepsza droga dla 1512184174, SSWCM to: 
1 2 3 4 5 6 7 8 9 10 31 32 33 34 35 36 37 36 35 34 13 34 33 32 31 10 9 8 29 28 49 48 47 46 45 66 65 44 43 22 1 0 



778. Najlepsza waga dla 1512184780, ZCIVT dla paczek:
81 145 56 
to: (171) 
A najlepsza droga dla 1512184780, ZCIVT to: 
1 22 43 44 45 46 47 48 49 70 71 72 73 94 115 116 117 118 139 140 141 142 143 144 123 102 81 80 101 100 99 98 97 76 55 76 75 74 73 72 71 70 49 48 47 46 45 44 43 22 1 0 



779. Najlepsza waga dla 1512185816, UDHAJ dla paczek:
156 156 113 
to: (96) 
A najlepsza droga dla 1512185816, UDHAJ to: 
1 22 43 44 45 46 47 48 49 70 91 112 133 154 155 154 133 112 91 70 49 48 47 46 45 44 43 22 1 0 



780. Najlepsza waga dla 1512186632, NRSAD dla paczek:
139 64 
to: (110) 
A najlepsza droga dla 1512186632, NRSAD to: 
1 22 43 44 45 46 47 48 49 70 71 72 73 94 115 116 137 138 137 116 115 94 73 72 71 70 49 48 47 46 45 66 65 64 63 64 43 22 1 0 



781. Najlepsza waga dla 1512187100, MWTUS dla paczek:
85 99 
to: (136) 
A najlepsza droga dla 1512187100, MWTUS to: 
1 22 43 64 63 84 63 64 65 66 45 46 47 48 49 70 71 72 73 94 115 116 117 118 97 98 97 118 117 116 115 94 73 72 71 70 49 48 47 46 45 44 43 22 1 0 



782. Najlepsza waga dla 1512187127, LVNEF dla paczek:
114 132 
to: (88) 
A najlepsza droga dla 1512187127, LVNEF to: 
1 22 43 44 45 46 47 48 49 70 91 112 113 112 133 132 131 132 133 112 91 70 49 48 47 46 45 44 43 22 1 0 



783. Najlepsza waga dla 1512188358, ZCIVT dla paczek:
98 
to: (116) 
A najlepsza droga dla 1512188358, ZCIVT to: 
1 22 43 44 45 46 47 48 49 70 71 72 73 94 115 116 117 118 97 118 117 116 115 94 73 72 71 70 49 48 47 46 45 44 43 22 1 0 



784. Najlepsza waga dla 1512189588, UDHAJ dla paczek:
93 56 
to: (112) 
A najlepsza droga dla 1512189588, UDHAJ to: 
1 22 43 44 45 46 47 48 49 70 91 92 93 94 73 74 75 76 55 76 75 74 73 72 71 70 49 48 47 46 45 44 43 22 1 0 



785. Najlepsza waga dla 1512190265, SUAXE dla paczek:
103 156 72 133 
to: (178) 
A najlepsza droga dla 1512190265, SUAXE to: 
1 22 43 44 45 46 47 48 49 70 71 72 73 94 115 116 117 118 97 98 99 100 101 102 101 100 99 98 97 118 117 116 115 114 135 134 155 154 133 132 133 112 91 70 49 48 47 46 45 44 43 22 1 0 



786. Najlepsza waga dla 1512190266, TCWTQ dla paczek:
91 147 
to: (166) 
A najlepsza droga dla 1512190266, TCWTQ to: 
1 22 43 44 45 46 47 48 69 90 91 92 93 94 115 116 117 118 139 140 141 142 143 144 145 146 145 144 143 142 141 140 139 118 117 116 115 94 73 72 71 70 49 48 47 46 45 44 43 22 1 0 



787. Najlepsza waga dla 1512191583, PRUFP dla paczek:
119 
to: (100) 
A najlepsza droga dla 1512191583, PRUFP to: 
1 22 43 44 45 46 47 48 49 70 71 72 73 94 115 116 117 118 117 116 115 94 73 72 71 70 49 48 47 46 45 44 43 22 1 0 



788. Najlepsza waga dla 1512191707, ZBQTG dla paczek:
157 135 130 57 
to: (160) 
A najlepsza droga dla 1512191707, ZBQTG to: 
1 22 43 44 65 86 107 108 129 130 131 132 133 134 135 156 135 114 115 94 73 52 31 32 33 34 35 56 35 34 33 32 31 10 9 8 7 6 5 4 3 2 1 0 



789. Najlepsza waga dla 1512192662, CDLPG dla paczek:
40 124 
to: (168) 
A najlepsza droga dla 1512192662, CDLPG to: 
1 2 3 4 5 6 7 8 9 10 31 32 33 34 35 36 37 38 39 60 81 102 123 144 143 142 141 140 139 118 117 116 115 94 73 72 71 70 49 48 47 46 45 44 43 22 1 0 



790. Najlepsza waga dla 1512192897, CIWOU dla paczek:
25 33 165 
to: (154) 
A najlepsza droga dla 1512192897, CIWOU to: 
1 2 3 24 25 46 47 48 49 70 71 72 73 94 115 116 117 118 139 140 141 162 163 164 163 162 141 120 99 98 77 56 35 34 33 32 31 10 9 8 7 6 5 4 3 2 1 0 



791. Najlepsza waga dla 1512193870, PVGYH dla paczek:
92 26 81 129 
to: (177) 
A najlepsza droga dla 1512193870, PVGYH to: 
1 22 43 44 45 46 25 46 47 48 49 70 91 92 93 94 115 116 117 118 97 98 99 100 101 80 101 100 99 98 97 118 117 116 115 114 113 112 133 132 131 130 129 128 107 86 65 44 43 22 1 0 



792. Najlepsza waga dla 1512195220, LGXFM dla paczek:
113 155 149 139 
to: (138) 
A najlepsza droga dla 1512195220, LGXFM to: 
1 22 43 64 63 84 105 126 127 148 149 150 151 152 153 154 133 112 113 114 115 116 137 138 137 116 115 94 73 72 71 70 49 48 47 46 45 44 43 22 1 0 



793. Najlepsza waga dla 1512195369, YVXRN dla paczek:
33 65 
to: (97) 
A najlepsza droga dla 1512195369, YVXRN to: 
1 2 3 4 5 6 7 8 9 10 31 32 31 10 9 8 29 28 49 48 47 46 45 66 65 64 43 22 1 0 



794. Najlepsza waga dla 1512195681, PKVIU dla paczek:
108 118 33 
to: (127) 
A najlepsza droga dla 1512195681, PKVIU to: 
1 22 43 44 65 86 107 108 109 110 111 112 113 114 115 116 117 116 115 94 73 52 31 32 31 10 9 8 7 6 5 4 3 2 1 0 



795. Najlepsza waga dla 1512196521, LRULC dla paczek:
150 21 121 16 
to: (215) 
A najlepsza droga dla 1512196521, LRULC to: 
1 22 43 44 65 86 107 128 149 150 151 152 131 132 133 112 113 114 115 116 117 118 139 140 141 120 99 100 101 80 81 82 83 62 41 20 19 18 17 16 15 14 35 34 33 32 31 10 9 8 7 6 5 4 3 2 1 0 



796. Najlepsza waga dla 1512197863, HFCQS dla paczek:
34 15 79 111 
to: (143) 
A najlepsza droga dla 1512197863, HFCQS to: 
1 2 3 4 5 6 7 8 9 10 31 32 33 34 35 14 35 36 57 78 57 36 35 34 33 32 31 52 73 94 93 92 91 90 111 110 89 68 67 66 45 44 43 22 1 0 



797. Najlepsza waga dla 1512198061, VGBPD dla paczek:
137 92 164 81 
to: (176) 
A najlepsza droga dla 1512198061, VGBPD to: 
1 22 43 44 45 46 47 48 49 70 91 112 133 134 135 136 137 138 159 160 161 162 163 164 143 122 101 80 79 78 57 36 35 34 33 32 31 10 9 8 7 6 5 4 3 2 1 0 



798. Najlepsza waga dla 1512199419, LOPDR dla paczek:
48 41 104 
to: (171) 
A najlepsza droga dla 1512199419, LOPDR to: 
1 22 43 44 45 46 47 48 49 28 29 8 9 10 31 32 33 34 35 36 37 38 39 40 61 62 83 82 103 82 81 80 79 78 57 36 35 34 33 32 31 10 9 8 7 6 5 4 3 2 1 0 



799. Najlepsza waga dla 1512200509, MQPIZ dla paczek:
47 
to: (42) 
A najlepsza droga dla 1512200509, MQPIZ to: 
1 22 43 44 45 46 45 44 43 22 1 0 



800. Najlepsza waga dla 1512201437, RWJLG dla paczek:
82 
to: (150) 
A najlepsza droga dla 1512201437, RWJLG to: 
1 2 3 4 5 6 7 8 9 10 31 32 33 34 35 36 57 78 79 80 81 80 79 78 57 36 35 34 33 32 31 10 9 8 7 6 5 4 3 2 1 0 



801. Najlepsza waga dla 1512202206, OAQQJ dla paczek:
164 96 60 152 
to: (200) 
A najlepsza droga dla 1512202206, OAQQJ to: 
1 22 43 44 45 46 47 48 49 70 71 72 73 94 95 94 73 52 31 32 33 34 35 36 57 58 59 80 101 122 143 164 163 162 141 140 139 118 117 116 115 114 113 112 133 132 131 152 151 150 129 108 107 86 65 44 43 22 1 0 



802. Najlepsza waga dla 1512203538, CBJLY dla paczek:
57 
to: (108) 
A najlepsza droga dla 1512203538, CBJLY to: 
1 2 3 4 5 6 7 8 9 10 31 32 33 34 35 56 35 34 33 32 31 10 9 8 7 6 5 4 3 2 1 0 



